# The PEARS id is given here as only an integer.
# The user must figure out if it is part of northern or southern fields.
# pearsid urcol mstar threedid threedzphot
34427 1.10 9.56 6884 0.89
33944 0.94 8.59 6926 0.70
35090 0.80 8.58 7169 0.68
35700 1.13 8.38 7269 0.75
35156 1.80 10.83 7312 1.20
35309 1.54 10.21 7344 1.19
36830 1.05 8.44 7548 0.85
37116 0.99 7.81 7614 0.62
37285 1.25 8.36 7645 0.77
36739 1.63 9.58 7688 1.19
37044 2.18 10.69 7701 1.23
36569 0.96 9.39 7756 0.94
36989 2.00 10.00 7759 0.86
37541 0.80 7.75 7775 0.61
36639 1.58 10.02 7846 0.88
37670 1.04 8.48 7880 0.92
36842 0.83 9.17 7892 0.91
37842 1.86 8.66 7918 0.66
38146 0.72 8.29 7929 1.02
37908 0.79 8.60 7943 1.09
37644 0.95 9.07 7978 0.93
36944 1.07 9.62 8024 0.84
38345 0.84 8.99 8045 1.13
38344 1.20 9.08 8068 0.97
36105 2.29 10.83 8114 0.91
37982 2.10 10.31 8122 0.90
37225 1.21 9.34 8136 0.66
38812 0.70 7.96 8177 0.65
38392 1.04 8.64 8188 0.80
38120 1.41 9.64 8382 0.93
39394 1.06 8.22 8395 0.82
40010 1.44 8.92 8550 0.83
39311 1.14 8.59 8700 0.65
39842 0.79 9.12 8706 0.88
40004 2.15 9.90 8743 0.91
39487 0.85 9.43 8752 0.96
39987 1.91 9.07 8785 0.61
39728 1.37 9.27 8859 0.77
39455 1.79 10.06 8982 0.93
41018 1.01 9.03 8996 1.01
41031 1.47 9.40 9035 0.83
41172 0.69 8.18 9051 0.65
41342 1.06 9.54 9213 0.92
41064 1.17 8.93 9216 0.79
41499 0.99 8.87 9264 0.83
42132 0.31 8.62 9294 1.06
41931 1.99 9.51 9297 1.03
41546 1.24 9.26 9301 1.15
42058 0.50 8.63 9314 0.94
42245 0.57 8.27 9342 0.91
41540 0.99 9.43 9350 0.92
41932 0.85 8.81 9356 0.94
41630 1.43 10.38 9440 1.18
42014 0.99 9.56 9513 0.87
42526 0.67 8.63 9520 0.75
41388 2.11 10.57 9582 0.99
42430 1.02 9.52 9595 0.98
40991 2.41 11.42 9623 0.99
43079 0.84 8.59 9639 0.91
41913 1.84 10.68 9766 1.10
44207 0.79 8.43 9997 0.70
44367 0.85 8.68 10076 0.98
44060 1.84 9.35 10117 0.99
44678 1.32 8.87 10199 1.04
44001 2.53 10.15 10211 0.88
43618 2.19 10.91 10224 0.74
44562 1.84 11.17 10280 1.11
44835 0.64 8.76 10286 1.09
45163 0.61 7.93 10291 0.89
44021 1.19 8.97 10316 0.76
44078 2.14 10.85 10338 0.98
43991 2.21 10.37 10386 1.02
44756 2.27 10.78 10539 0.99
45026 1.98 10.70 10715 0.97
46348 1.33 8.77 10784 0.90
46085 1.13 8.32 10786 0.68
45117 0.70 8.97 10812 0.97
45150 1.43 9.52 10856 0.92
45506 0.87 9.03 10857 1.01
46214 1.38 9.20 10939 0.94
45958 1.94 10.26 10953 0.98
45496 1.73 10.10 10968 0.99
46952 0.85 8.53 11046 0.94
45451 1.99 10.32 11067 0.83
46694 0.66 8.73 11089 0.96
46914 1.06 9.15 11143 0.92
46626 0.74 8.94 11159 0.95
47644 0.44 7.82 11280 0.87
47511 1.18 8.66 11293 0.94
47252 0.64 9.28 11393 0.96
46766 2.26 10.59 11397 1.02
46687 1.03 9.06 11477 0.97
48681 1.60 8.74 11769 0.86
48514 1.00 8.88 11837 0.92
48954 0.85 8.03 11856 0.86
49098 0.97 8.56 11872 0.87
48229 1.06 8.83 11900 0.66
48216 0.97 9.44 11961 0.98
49001 1.47 9.33 11997 0.83
48250 0.71 8.85 12042 1.19
48189 1.70 10.56 12078 0.99
50265 0.35 7.57 12294 0.69
50210 0.62 8.00 12341 0.65
49779 1.97 10.21 12451 0.97
50542 0.80 8.71 12454 0.95
49569 2.03 9.76 12460 0.80
48650 2.04 10.51 12511 0.93
50439 2.21 10.47 12641 1.07
50422 1.07 9.35 12747 0.75
51485 0.96 9.01 12780 0.98
51988 0.26 7.42 12846 0.70
51220 0.87 8.90 12864 1.02
51003 1.02 9.72 12994 0.94
52241 1.13 9.65 13138 1.18
52591 0.62 7.83 13144 0.84
52497 0.85 8.82 13296 0.83
53198 0.85 8.78 13409 1.22
52869 0.79 9.37 13411 0.77
53566 1.14 8.80 13563 0.89
52948 1.11 8.73 13564 0.66
53403 1.06 9.18 13608 1.04
52896 1.27 9.76 13640 0.94
53471 2.24 10.78 13774 0.83
54384 1.02 8.39 13864 0.83
53708 2.29 10.75 13977 0.69
54327 0.91 9.36 14076 0.92
54815 0.73 8.67 14084 0.79
54689 1.09 8.16 14136 0.64
53563 1.87 10.38 14158 0.87
54405 1.66 10.51 14184 0.82
55063 0.74 8.56 14234 1.07
55513 1.51 9.23 14576 0.66
55392 1.47 10.33 14597 1.16
56190 1.06 8.79 14821 0.65
56832 1.02 8.86 14888 0.91
57038 0.62 7.87 14924 0.83
57178 0.68 8.08 14930 0.89
58124 0.86 9.08 15328 1.17
58595 1.02 8.51 15386 0.90
58137 0.85 9.15 15477 0.98
58650 0.82 8.83 15618 0.94
59121 0.84 8.94 15702 0.91
59472 1.06 8.27 15716 0.67
59445 1.10 9.01 15726 1.02
59873 1.14 8.81 15764 1.07
60049 0.64 8.04 15791 0.76
59531 0.97 8.51 15816 0.74
59398 1.90 10.42 15902 1.18
60003 1.06 8.40 15926 0.68
59375 1.33 10.02 16041 1.01
60666 0.89 8.27 16170 0.66
59863 1.09 9.47 16214 0.80
60675 1.12 9.03 16257 0.82
61065 0.89 9.15 16331 0.87
61418 0.76 8.93 16337 1.17
61113 0.72 9.00 16375 1.22
60858 1.95 10.29 16454 1.00
61746 1.20 9.69 16752 0.95
61291 2.38 10.83 16758 0.99
62388 1.08 9.37 16871 0.94
62562 0.88 8.67 16893 0.71
63084 0.89 8.40 16937 0.80
62543 0.84 8.86 16960 0.97
63169 1.37 9.14 16965 0.93
63410 0.87 8.34 16994 0.70
62376 1.11 9.48 17065 0.93
62107 2.21 10.77 17194 1.00
64178 0.89 8.78 17207 1.04
63526 1.90 10.08 17436 0.87
64394 0.88 8.89 17502 0.99
63419 1.16 9.78 17553 1.00
65347 0.91 8.14 17608 0.74
65170 0.85 8.55 17670 0.98
65589 0.90 8.12 17773 0.82
64523 1.19 9.96 17898 1.21
66217 0.99 8.75 18022 1.05
66045 0.61 8.62 18036 1.06
64178 0.89 8.78 17207 1.04
63526 1.90 10.08 17436 0.87
64394 0.88 8.89 17502 0.99
63419 1.16 9.78 17553 1.00
65347 0.91 8.14 17608 0.74
65170 0.85 8.55 17670 0.98
65589 0.90 8.12 17773 0.82
64523 1.19 9.96 17898 1.21
66217 0.99 8.75 18022 1.05
66045 0.61 8.62 18036 1.06
65404 1.77 10.80 18224 1.01
66218 0.98 9.43 18251 1.21
67081 0.56 7.74 18259 0.80
65831 1.36 9.35 18363 0.91
66873 1.65 9.49 18442 0.92
67460 0.86 8.74 18452 1.21
67551 0.92 8.47 18585 0.93
68134 1.13 8.06 18677 0.71
67343 1.31 9.41 18736 1.14
68057 0.94 8.78 18805 1.15
68430 1.06 8.53 18868 0.92
68518 0.89 7.86 18887 0.61
66753 1.60 10.23 18898 0.72
68941 1.13 8.30 18987 0.88
68706 1.86 9.56 18988 1.08
69195 0.81 8.45 19094 1.04
68696 0.98 9.26 19316 0.99
69509 1.07 9.16 19373 0.96
69819 0.82 8.41 19374 0.86
69419 1.03 8.76 19453 0.82
70082 1.34 8.33 19467 0.66
69106 0.87 9.05 19468 0.92
69850 1.07 9.43 19708 0.88
70677 1.23 9.16 19860 0.98
70974 2.20 9.89 19955 0.96
70874 2.14 10.01 20006 0.87
71675 1.06 8.79 20047 0.94
71974 0.94 8.43 20120 0.62
72081 0.65 8.49 20252 0.91
71252 1.01 9.14 20312 0.94
71891 2.10 9.23 20388 0.90
72168 0.89 8.93 20426 1.23
72261 1.07 8.95 20427 0.91
72809 0.80 7.79 20555 0.63
73331 1.17 8.66 20665 0.93
72986 0.85 9.21 20755 0.93
73160 1.52 8.70 20784 0.62
73362 0.63 8.98 20823 1.10
73626 0.83 8.42 20836 0.76
74125 0.81 8.62 20971 1.06
73635 1.07 8.13 20974 0.65
72684 1.04 9.81 21022 1.20
72800 2.29 10.41 21047 0.65
75179 0.94 8.57 21401 0.99
74943 0.96 8.81 21471 1.01
75429 0.69 8.43 21487 1.04
74794 1.09 8.88 21546 0.64
76123 0.95 8.30 21611 0.79
75367 1.28 9.56 21670 0.90
74641 2.10 10.30 21717 0.85
75917 0.92 7.63 21720 1.00
75659 1.21 9.52 21732 0.92
75556 1.30 9.24 21743 0.88
76359 0.91 8.27 21864 0.82
76107 1.06 8.88 21921 0.84
77076 0.79 7.92 22013 0.73
77037 1.90 8.90 22040 0.84
77232 1.16 8.42 22177 0.90
77570 0.18 7.96 22194 1.10
76098 2.37 10.85 22213 0.86
76778 1.89 9.98 22324 0.84
76889 3.01 10.29 22363 0.94
76917 1.22 9.69 22406 0.93
76936 1.33 9.04 22409 0.69
77819 1.76 8.97 22466 0.84
78220 0.18 7.91 22503 0.94
76773 0.97 9.25 22513 1.00
78263 0.94 8.23 22546 0.90
78349 1.34 8.24 22563 0.65
77596 0.98 8.77 22652 0.71
78180 0.68 8.11 22686 0.78
78906 0.67 7.59 22747 0.64
78345 0.95 8.95 22873 0.90
80090 1.02 8.00 23218 0.61
80098 0.88 8.38 23268 0.80
79986 1.70 8.97 23301 0.83
79195 1.91 10.10 23302 0.94
79903 0.80 9.29 23423 0.68
80411 2.26 10.53 23631 0.84
80645 1.14 9.16 23831 0.64
82035 0.80 7.93 23899 0.61
81988 1.10 8.52 23911 0.66
79928 1.25 9.63 23950 0.88
81946 1.15 8.79 23961 0.86
81024 2.25 9.98 23992 0.82
82400 1.00 8.55 24018 0.67
82391 0.83 8.44 24035 0.86
79185 2.45 11.29 24107 0.85
82693 0.83 8.84 24124 0.85
82523 0.62 8.98 24190 0.96
82368 2.00 10.67 24234 1.23
82141 1.53 10.23 24278 0.95
82799 0.93 9.17 24367 0.95
82267 1.74 10.12 24444 0.92
83434 1.76 8.86 24539 0.87
84233 0.71 8.12 24613 0.93
84028 1.36 9.15 24645 0.83
84321 1.83 8.79 24674 0.64
83432 1.35 9.39 24685 0.93
84502 0.55 8.03 24689 0.95
84033 2.22 9.67 24749 0.73
83628 1.71 9.61 24784 0.87
83503 1.97 10.59 24795 0.86
84467 0.63 8.14 24865 0.61
84143 0.89 8.95 24886 0.91
84543 1.99 9.39 24960 0.91
84626 0.81 9.24 25059 0.92
84617 2.12 9.30 25092 0.89
85002 2.27 9.70 25105 0.87
85023 1.42 9.11 25146 0.82
84649 2.19 10.40 25153 0.84
85556 0.63 8.41 25171 0.93
85073 2.62 10.58 25197 0.97
85385 1.11 8.79 25232 0.88
85372 1.45 9.06 25238 1.14
85356 2.09 10.26 25290 0.84
85879 0.72 8.96 25392 1.16
85489 2.09 9.78 25561 0.85
86234 1.03 8.81 25684 0.93
86941 0.72 8.13 25830 0.84
87608 1.08 8.35 25961 0.83
88056 1.00 8.16 26104 0.84
87433 1.26 9.77 26139 0.77
87823 1.31 9.49 26165 0.98
87634 1.20 8.59 26166 0.74
88045 0.98 8.39 26201 0.75
87585 2.33 11.16 26239 0.84
88175 1.22 9.14 26326 1.05
88207 1.63 8.28 26339 0.61
88566 2.03 10.00 26402 0.79
87368 2.27 10.65 26430 0.82
88679 2.40 10.93 26544 0.84
88858 1.47 9.60 26567 0.82
89030 2.27 9.70 26570 0.82
89189 1.20 8.07 26610 0.62
89239 2.14 9.67 26631 0.87
89514 2.17 10.42 26771 0.83
90095 1.97 9.47 26927 0.84
90064 1.97 9.71 26933 0.79
90082 1.16 9.41 26976 0.71
89993 1.05 9.74 27000 0.92
90145 0.78 9.19 27008 0.85
90248 1.30 8.55 27041 0.89
90517 0.99 8.49 27083 0.88
90359 1.22 8.07 27090 0.65
90526 1.00 9.17 27125 0.89
90879 0.87 9.10 27186 1.00
90907 1.05 7.97 27236 0.62
91162 1.04 8.98 27307 0.88
91148 1.68 9.66 27317 0.84
91367 1.24 8.99 27365 0.94
91611 0.73 8.08 27447 0.82
91469 0.65 7.69 27450 0.67
91695 0.85 8.72 27474 0.96
91795 2.08 9.18 27506 0.81
91947 1.06 9.00 27548 0.84
92233 1.32 9.37 27709 0.88
92535 1.55 9.81 27744 0.83
93012 0.99 9.26 27945 0.92
92509 1.10 9.12 27956 1.04
92859 1.50 9.71 27998 0.89
93154 0.97 8.19 28027 0.69
93137 1.30 9.10 28053 0.80
93208 0.86 8.81 28054 0.90
93405 1.08 8.78 28070 0.73
93394 1.37 8.86 28105 0.89
93602 1.91 10.57 28149 0.94
93719 1.07 8.53 28163 0.81
93968 0.74 8.22 28297 0.79
94073 0.85 8.83 28365 0.87
94234 0.66 7.75 28425 0.72
94262 1.16 9.44 28457 0.87
94364 0.95 8.06 28494 0.77
84077 0.78 9.11 24844 0.94
84577 2.00 9.40 24856 0.90
84551 2.19 9.55 24863 0.81
83999 1.63 9.72 24928 0.89
85141 2.16 8.73 24965 0.61
85100 1.31 9.01 25024 1.02
85410 0.87 7.90 25086 0.75
84974 1.03 9.37 25152 0.89
84715 1.03 8.95 25202 0.78
85399 0.78 8.46 25384 0.87
86697 1.11 8.39 25664 0.67
88265 1.29 8.66 26289 0.86
88171 0.96 8.47 26359 0.74
88448 0.92 8.17 26386 0.64
88591 0.95 9.02 26566 0.86
89683 1.02 8.24 26756 0.65
89383 0.82 9.04 26789 1.05
88768 1.64 9.43 26843 0.95
89877 0.69 8.83 26922 1.06
89845 1.31 10.03 26948 0.92
90194 0.54 8.41 27060 0.71
90143 1.12 9.11 27132 1.01
90557 1.06 9.53 27158 0.84
91474 0.76 9.55 27422 1.18
91587 0.90 8.00 27427 0.72
91377 2.37 10.38 27444 1.07
91612 1.02 9.89 27472 1.19
91951 0.63 8.30 27597 0.99
91724 0.71 8.67 27754 1.00
92450 0.43 8.84 27812 1.06
92989 0.79 7.78 27947 0.63
92603 0.76 8.36 27989 0.61
92316 0.90 9.10 28014 0.95
93025 0.88 8.60 28034 1.00
93328 1.04 9.35 28040 1.12
93646 0.90 8.38 28363 0.92
94085 1.27 10.13 28379 1.03
94117 1.01 9.12 28381 1.12
94458 0.41 8.19 28586 0.86
94782 1.21 8.82 28635 0.94
95898 1.13 9.04 28996 0.77
96352 1.03 8.01 29195 0.68
95449 0.83 9.35 29232 0.94
97904 1.09 9.64 29807 0.65
98420 1.16 9.57 30057 1.13
98209 1.67 10.59 30204 0.73
99633 2.21 10.38 30358 0.98
100202 0.86 8.13 30500 0.62
100950 0.77 8.92 30644 0.93
100857 0.80 8.42 30665 0.92
100776 0.79 8.11 30680 0.83
100486 1.04 8.75 30694 0.88
100715 1.04 9.70 30941 0.92
102160 0.68 8.52 31129 0.88
102600 1.89 10.63 31179 1.18
102719 1.27 8.67 31190 0.63
102575 0.75 8.59 31251 0.95
103192 0.95 8.88 31388 0.91
103094 1.15 9.87 31617 0.91
104213 0.88 8.35 31634 0.91
105674 0.81 7.76 32026 0.66
105729 1.58 9.92 32066 1.18
105709 0.74 9.42 32087 1.05
105902 0.40 8.51 32166 0.74
106694 0.81 7.68 32293 0.64
106752 1.10 8.25 32311 0.66
108010 0.66 8.18 32622 0.75
107999 0.60 8.32 32645 0.91
108239 0.88 8.31 32680 0.69
107654 0.72 8.92 32695 1.14
107452 1.05 8.64 32791 0.63
108721 1.19 8.84 32810 0.82
108932 1.06 8.36 32834 0.87
109561 1.03 8.21 32959 0.65
109801 1.07 9.25 33081 0.82
110223 0.97 8.54 33124 0.72
110708 0.99 8.96 33225 0.98
110688 1.32 9.40 33292 0.88
111351 1.24 8.64 33357 0.80
111054 0.40 8.33 33372 1.23
112235 0.82 9.07 33554 1.19
112301 0.75 8.71 33605 1.05
112486 0.83 9.10 33636 0.81
114275 1.04 9.46 33991 0.95
113696 1.84 9.53 34003 0.73
115830 1.02 8.57 34265 0.87
115636 0.90 9.07 34343 0.95
98997 1.23 9.85 30350 0.99
100137 1.34 8.36 30531 0.62
100435 0.61 7.92 30566 0.98
100728 1.29 9.04 30663 0.81
101185 1.07 9.11 30852 0.76
102530 1.28 9.45 31162 0.95
102547 0.95 8.05 31268 0.69
102134 1.12 9.34 31271 1.15
104023 0.86 8.26 31626 0.74
104306 1.29 9.49 31692 1.16
103443 0.99 9.05 31800 0.83
104879 1.12 8.62 31855 1.11
105303 1.01 8.71 31958 1.09
105461 0.82 8.06 32009 0.64
107152 0.96 9.54 32445 0.99
108321 0.84 9.19 32752 0.88
108279 1.21 9.24 32753 0.85
108529 0.83 9.15 32769 1.23
108799 1.05 8.61 32797 1.01
108448 0.72 9.39 32824 1.15
108774 1.09 8.63 32825 0.83
108871 0.83 8.55 32887 1.06
109867 1.28 8.17 33030 0.60
110145 0.68 8.75 33143 1.02
110403 0.94 8.85 33165 0.95
110595 0.87 8.74 33196 0.92
110727 0.71 9.49 33290 1.05
111096 0.85 9.01 33343 1.02
111648 0.83 9.62 33401 1.21
112100 0.84 8.39 33546 0.67
112264 1.19 8.08 33572 0.73
112383 1.01 8.67 33598 0.62
113600 1.30 9.32 33834 1.18
113595 0.76 7.73 33835 0.61
113506 1.03 8.65 33862 0.84
113746 1.19 9.00 33911 0.74
114628 1.94 10.85 34410 0.82
116527 0.79 8.87 34415 0.84
117715 1.20 9.26 34667 0.99
117825 1.18 9.60 34734 0.63
117847 0.96 9.15 34741 0.88
118148 0.96 9.45 34769 0.91
118319 1.23 9.07 34815 1.15
118394 0.99 8.71 34839 0.88
118335 0.98 9.00 34848 1.23
118534 0.46 8.58 34875 0.99
119191 2.03 10.65 35099 1.02
118864 0.91 8.94 35158 1.21
119684 0.94 9.08 35248 1.06
119723 1.01 9.45 35252 0.80
119616 1.05 9.34 35281 1.03
119879 2.35 11.11 35299 1.05
120498 2.22 10.59 35493 1.18
120572 0.93 8.99 35497 0.90
120691 1.58 9.50 35543 1.17
120750 0.59 8.36 35598 1.17
120710 0.78 8.29 35609 0.89
121093 1.32 9.28 35702 0.78
121143 1.65 9.34 35707 0.60
121225 0.82 8.66 35719 1.13
121635 1.22 8.16 35825 0.64
121232 1.19 9.39 35834 0.84
121718 1.00 9.07 35902 0.93
121917 1.05 8.29 35923 0.66
121834 0.92 8.88 35941 0.96
121428 0.60 9.07 35974 0.64
122303 0.72 8.52 36057 1.00
122475 0.83 8.15 36069 0.69
122616 1.20 9.99 36104 1.16
122560 0.87 10.06 36108 1.05
122257 0.79 9.03 36125 1.11
122757 0.93 9.24 36179 0.78
122855 0.59 9.21 36180 1.06
122827 0.46 8.88 36193 1.18
123008 1.05 9.01 36229 1.01
123054 0.92 8.46 36275 0.93
123269 1.03 8.80 36281 1.12
123162 0.81 9.27 36289 1.15
123296 1.06 8.74 36306 0.90
123290 1.84 10.58 36323 1.15
123504 1.10 9.00 36378 0.88
123809 2.22 10.36 36408 1.01
123850 2.33 10.25 36454 0.99
123538 2.22 11.05 36567 0.94
124177 0.95 8.83 36572 0.82
123476 1.44 10.31 36573 0.64
124893 0.98 8.46 36665 0.81
123811 1.37 9.83 36666 0.63
124678 1.15 9.34 36711 1.16
125086 2.16 10.92 36751 1.14
125212 1.06 8.26 36754 0.78
124386 2.29 10.54 36854 0.82
125809 0.83 8.66 36909 1.09
125934 1.93 10.50 36989 1.14
125948 1.04 9.46 37005 0.94
9382 1.37 9.88 934 0.98
9343 1.47 9.40 971 0.64
10429 1.04 8.55 985 0.74
10465 0.87 8.77 1002 0.96
10593 0.55 8.23 1017 0.86
11099 1.40 8.13 1066 0.74
12062 1.23 10.01 1186 1.04
12230 0.25 8.37 1200 1.18
9378 2.36 10.65 1213 0.69
12350 0.85 8.29 1221 0.82
11507 1.07 9.32 1226 0.69
12457 0.87 8.69 1273 0.68
13011 0.48 7.98 1288 0.62
12949 1.48 8.75 1309 0.62
12926 0.46 7.69 1311 0.70
13283 1.88 9.42 1368 0.80
13988 0.46 8.67 1436 1.20
13732 1.17 8.20 1439 0.69
14093 1.11 9.05 1452 0.80
14405 1.54 9.54 1485 1.09
13986 1.78 9.40 1516 0.61
13856 1.07 9.82 1519 0.95
14215 1.60 10.42 1522 0.85
13499 1.66 10.66 1565 1.01
14555 2.32 10.69 1619 0.63
15281 1.02 8.84 1621 0.97
15336 0.83 8.46 1642 0.88
15324 1.43 9.22 1644 1.06
15513 0.79 8.50 1677 0.94
15093 0.90 9.29 1681 1.20
14990 0.96 8.71 1693 1.06
15793 0.69 8.64 1734 1.23
16039 0.75 8.76 1763 1.06
15921 1.48 9.28 1770 0.91
15929 0.66 7.85 1788 0.64
16179 1.12 9.26 1802 1.09
16183 0.55 8.34 1808 1.05
16371 0.90 9.19 1835 1.18
16488 0.78 7.85 1881 0.67
16683 1.16 8.21 1902 0.68
16788 0.67 7.90 1913 0.62
17024 0.99 9.24 1982 0.65
17055 0.92 8.37 1987 0.95
17022 2.32 10.50 1989 0.73
16290 1.84 9.71 1992 0.72
17163 1.05 9.06 1997 0.91
17321 0.46 8.34 2030 0.78
17264 1.23 8.52 2031 0.68
17368 1.17 8.55 2035 0.94
17413 0.66 8.61 2039 1.19
17468 0.87 8.24 2052 0.67
17704 1.59 9.51 2095 0.73
17587 0.67 8.23 2102 0.74
17669 0.61 8.49 2126 1.17
17494 0.52 8.80 2128 1.14
18065 0.83 8.59 2152 1.20
17950 0.41 7.39 2171 1.22
17999 0.86 9.11 2270 1.23
18610 0.55 8.30 2271 0.92
18213 0.64 8.51 2295 0.94
18882 0.86 8.62 2322 0.66
18972 1.61 9.69 2334 0.92
19003 1.09 8.14 2338 0.68
18337 0.43 9.54 2346 1.09
18484 0.76 8.62 2406 0.94
19435 1.19 8.99 2426 0.68
19473 1.33 8.38 2428 0.76
19585 1.19 8.97 2451 0.68
19569 0.90 8.25 2462 0.85
19652 1.12 8.84 2496 0.76
19591 0.94 8.46 2507 0.85
19733 0.86 8.48 2529 0.89
18260 2.22 11.19 2546 0.66
19683 1.09 8.91 2569 1.03
19952 1.15 8.20 2578 0.71
20714 0.90 8.34 2604 0.67
20072 0.70 9.20 2650 1.14
20265 0.78 8.53 2670 1.08
20387 0.79 8.36 2672 1.10
20694 0.64 8.46 2732 1.23
20877 0.69 8.86 2768 1.06
20681 1.00 8.98 2805 0.91
21023 0.82 8.58 2810 1.10
20901 1.24 9.53 2856 1.15
21363 0.86 8.99 2919 0.69
21592 2.33 10.61 2977 0.68
21612 1.16 9.37 2980 0.73
21777 0.95 8.99 2989 0.68
21605 0.53 9.36 3014 1.16
21891 1.84 8.89 3016 0.68
21730 1.04 9.25 3026 0.83
21647 1.03 9.09 3047 0.78
21819 0.75 8.44 3074 1.18
22051 2.01 8.83 3118 0.64
22233 0.57 8.19 3141 0.69
22266 0.76 8.48 3164 0.94
22153 0.53 8.62 3175 0.91
22708 1.72 9.94 3188 0.69
22217 0.98 9.07 3194 1.09
22513 1.15 8.66 3208 1.03
22316 0.72 8.82 3213 1.20
22514 0.84 8.17 3237 0.69
22486 0.79 8.49 3241 0.91
22563 0.69 8.48 3251 0.90
22784 0.88 8.67 3274 0.75
22897 0.89 7.70 3334 0.62
23034 0.85 8.72 3361 1.08
22917 2.15 9.90 3375 0.67
23059 0.99 7.93 3389 0.65
23093 0.92 8.28 3396 1.05
23142 1.99 10.67 3402 0.66
23136 1.07 8.39 3409 0.87
23155 1.28 8.09 3414 0.64
23215 1.59 9.77 3424 1.08
23246 0.84 9.06 3436 1.21
23177 0.94 8.94 3457 1.19
23413 1.68 8.56 3479 0.72
23524 0.70 8.35 3489 0.83
23407 2.09 10.23 3504 0.68
23920 0.62 8.10 3587 0.85
23992 1.79 8.85 3610 0.69
23172 2.44 10.64 3649 0.67
24360 0.97 8.58 3702 1.09
24480 0.94 9.36 3773 0.95
24599 0.73 7.92 3787 0.81
24717 1.06 8.03 3801 0.74
24609 1.43 9.50 3804 1.09
24671 0.92 8.27 3805 0.66
24605 1.80 8.85 3810 0.66
24521 1.24 9.16 3825 0.68
24919 0.75 9.38 3861 1.21
25164 0.91 8.26 3897 0.66
24707 1.78 10.16 3933 0.94
25205 1.20 9.93 3943 0.97
25253 1.28 8.56 3975 0.70
25462 0.75 8.40 3991 1.11
25474 0.71 8.59 4015 0.83
25184 1.97 9.56 4036 0.66
25687 0.16 7.96 4082 1.09
25860 1.11 8.56 4108 0.68
26450 0.84 8.42 4239 0.68
26614 0.75 8.30 4287 0.76
26728 0.75 8.44 4312 1.09
26158 2.20 10.77 4390 0.66
26160 1.24 9.10 4409 0.68
27183 0.87 7.78 4441 0.81
27304 1.33 9.08 4446 0.74
27562 1.13 9.31 4478 0.89
27652 0.81 8.79 4541 0.69
27862 0.76 8.94 4637 1.10
28280 0.91 8.96 4679 0.93
27974 2.43 10.32 4682 0.68
28000 1.10 9.01 4686 0.68
28310 0.98 8.97 4705 0.74
28588 1.87 9.53 4779 0.66
30010 2.35 10.99 4878 0.68
29417 0.93 8.06 4911 0.73
29252 0.47 8.44 4991 1.06
29515 0.82 8.29 5028 0.71
29733 1.63 8.64 5057 0.69
29626 0.27 8.32 5076 1.00
29801 1.18 8.27 5091 0.61
29630 0.68 8.47 5138 0.91
29564 0.80 8.33 5149 1.08
30032 0.94 7.85 5156 0.63
29922 1.09 9.28 5165 1.14
30286 1.45 9.33 5246 0.68
30676 2.25 10.87 5356 0.68
30763 0.98 9.21 5362 0.69
30887 0.74 9.15 5462 0.91
31772 0.97 8.64 5500 1.11
31086 0.87 9.06 5505 0.85
31227 0.70 8.55 5537 1.09
31570 0.06 7.55 5560 1.11
31736 0.96 8.54 5724 0.91
31325 1.38 9.48 5759 0.67
31861 1.26 9.56 5783 0.68
32847 0.79 7.91 5914 0.94
30492 0.80 8.36 5917 0.65
32905 0.76 9.13 5923 0.96
32566 0.41 7.91 5937 0.62
32674 1.54 9.74 5977 0.62
32224 1.03 9.16 6013 1.11
33074 0.62 8.16 6043 1.02
32173 1.00 9.46 6069 1.10
33247 0.89 7.89 6092 0.79
32879 1.01 8.50 6105 0.62
33422 0.95 8.23 6121 0.96
33294 0.91 9.57 6331 1.03
33013 0.69 9.27 6375 1.20
32885 1.11 9.18 6378 0.62
33498 0.69 8.33 6394 0.76
33949 0.65 8.60 6470 0.88
34245 0.62 8.67 6490 1.09
34050 0.78 8.84 6569 0.93
34243 0.84 8.47 6585 0.71
33734 1.78 9.44 6652 0.79
34620 1.10 8.32 6736 0.86
34880 1.00 8.32 6742 0.82
35116 0.54 8.46 6854 1.09
34128 1.18 9.36 6883 0.73
35134 0.96 9.14 6995 1.07
35692 0.87 8.69 7075 0.94
35657 0.65 9.10 7126 1.12
34457 1.00 9.34 7134 0.79
35783 0.84 7.78 7136 0.63
34803 0.93 9.24 7150 0.65
35989 0.81 8.35 7187 0.74
35993 1.06 8.73 7196 0.99
35255 1.11 9.12 7201 0.68
35929 0.99 8.54 7202 0.77
36026 0.96 9.09 7240 1.09
36213 0.91 8.09 7242 0.91
36001 0.79 8.97 7308 0.93
36172 0.33 8.21 7315 1.11
35589 1.26 8.91 7329 0.81
36385 1.00 8.14 7349 0.67
35579 0.96 9.44 7357 0.97
34789 0.69 8.73 7377 1.10
36277 0.85 7.36 7413 0.78
36084 1.92 10.01 7435 1.07
35475 0.86 9.74 7456 1.23
34821 0.78 9.70 7495 1.04
35762 1.47 8.85 7526 0.71
36291 0.57 8.93 7593 1.15
36110 1.06 9.02 7657 0.62
36143 0.93 9.22 7680 0.78
35878 0.92 9.36 7759 0.64
36121 2.38 11.21 8097 0.78
37959 0.82 8.45 8249 0.90
38744 0.92 8.31 8381 0.68
38053 1.01 8.72 8426 0.69
39130 0.95 7.88 8480 0.61
39177 0.91 7.81 8487 0.96
38417 1.04 9.00 8540 0.79
38571 1.00 9.31 8566 1.12
39266 1.75 9.58 8676 1.03
39235 0.97 8.47 8710 0.92
39752 0.56 8.28 8753 1.05
38350 1.12 9.58 8833 0.78
40048 1.16 8.31 8878 0.68
37429 2.31 10.79 8880 0.78
39116 1.02 9.08 8967 0.64
40063 0.87 8.50 8993 0.65
40117 0.72 8.49 9046 0.70
38854 0.99 9.00 9079 0.66
40564 0.86 8.06 9099 0.89
40286 1.00 8.41 9102 0.86
40163 0.73 8.97 9106 0.91
40243 0.70 8.52 9171 0.93
40565 0.81 7.90 9220 0.68
38769 1.52 9.82 9281 0.89
39835 1.55 10.16 9330 1.13
40295 1.32 9.12 9388 0.66
40899 0.80 8.79 9392 1.10
41078 0.69 8.77 9427 0.84
41075 0.90 8.48 9491 0.71
40488 1.00 9.12 9550 0.67
39503 1.37 10.23 9557 0.85
41338 0.93 8.31 9566 0.76
41327 0.63 8.10 9648 0.91
40875 0.86 8.77 9654 0.95
41807 1.44 8.15 9762 0.70
41822 0.91 8.88 9783 0.93
42022 0.95 8.19 9814 0.71
41615 0.81 8.25 9841 0.66
41299 0.92 8.95 9878 1.20
41677 0.92 8.42 9904 0.70
42425 1.01 7.95 9956 0.77
41994 1.03 7.90 10077 0.73
41478 1.79 10.57 10214 1.13
42277 2.09 10.01 10259 0.90
43202 0.99 8.16 10316 0.88
42395 0.92 9.14 10328 0.91
43170 0.84 8.57 10443 0.75
43079 0.77 9.30 10530 1.23
43909 1.00 8.58 10749 0.87
44204 1.36 9.51 10968 1.08
42894 2.77 10.26 10984 0.85
43803 1.10 9.11 11001 1.22
43698 1.53 9.07 11048 0.77
44843 0.57 8.16 11068 0.95
43478 0.95 9.52 11125 0.84
45022 1.20 8.24 11154 0.80
44047 0.85 9.49 11174 1.23
44627 0.81 8.35 11177 1.00
44738 1.45 8.64 11212 0.68
44893 0.59 8.59 11233 1.12
45223 0.68 8.15 11254 0.68
44769 0.97 9.29 11256 1.22
43997 1.96 9.84 11337 0.64
45502 0.92 8.89 11551 0.69
44581 1.20 9.40 11580 1.10
44163 1.34 9.15 11711 0.67
45314 0.82 8.88 11748 0.68
45410 0.94 9.70 11763 1.08
45997 0.95 8.45 11783 0.67
45919 1.02 9.30 11800 1.11
46498 0.63 8.50 11904 1.05
45727 2.48 10.14 11937 1.00
45462 1.02 8.01 11945 0.85
46284 0.72 8.82 12001 0.69
46520 1.42 10.01 12196 1.23
46988 1.19 8.19 12229 0.75
46037 1.27 9.87 12262 1.23
47448 1.15 8.20 12267 0.94
46562 0.74 9.00 12430 0.66
47883 0.88 8.49 12461 0.93
47324 0.88 9.39 12493 0.95
46479 0.76 9.47 12512 1.11
47990 0.73 7.89 12565 0.62
48182 2.11 10.31 12578 1.21
47469 0.95 9.15 12595 0.94
47996 0.69 8.46 12612 0.92
47997 0.83 8.82 12716 1.21
48126 0.85 8.01 12722 0.74
48447 1.05 8.57 12827 1.07
47029 0.71 8.88 12903 0.79
47488 1.41 9.82 13029 1.19
48934 0.85 8.02 13040 0.62
49165 0.83 8.88 13121 1.03
48857 0.97 8.83 13150 1.21
49434 0.99 8.21 13161 0.75
49366 0.73 8.40 13230 0.95
50298 0.66 8.82 13703 1.17
50348 1.51 8.71 13821 0.80
47740 1.93 10.68 13920 1.09
50261 1.05 9.25 13935 0.92
51293 0.95 8.43 14132 0.77
52034 0.74 8.07 14230 0.86
52096 0.70 8.03 14239 0.95
51522 0.90 8.86 14472 1.12
51533 0.88 8.69 14478 1.18
52445 0.97 8.65 14550 0.84
52961 0.95 8.05 14575 0.60
52529 0.88 8.48 14583 0.76
52259 0.88 9.20 14693 0.73
53700 1.04 8.13 14726 0.79
49771 1.61 10.66 14733 0.61
51356 1.11 9.52 14760 0.63
53632 1.10 8.55 14822 0.87
52204 1.13 8.92 14888 0.62
52774 1.23 9.52 14906 0.61
53691 1.17 8.01 14909 0.64
53743 1.15 8.85 14938 0.88
53588 2.31 9.88 14965 1.00
52481 1.84 9.89 14966 0.84
53811 0.84 8.65 14984 0.88
51976 0.67 8.97 14993 0.84
54056 0.79 8.33 15004 0.66
54150 0.69 8.00 15012 0.66
54227 1.88 8.72 15030 0.69
54232 0.76 7.84 15120 0.63
53650 0.92 9.00 15131 0.74
54666 1.29 8.88 15143 1.03
54742 0.93 8.47 15240 0.92
54005 0.76 8.67 15306 0.61
53248 0.92 9.60 15344 0.78
52945 0.94 8.94 15348 0.63
55759 0.86 8.38 15497 0.89
54809 0.87 8.56 15527 0.74
55736 0.74 8.12 15540 0.65
54631 1.19 9.60 15647 0.83
54553 1.20 9.72 15666 0.78
55951 0.84 8.53 15684 0.90
55145 1.16 9.48 15791 1.08
56362 0.91 8.58 15855 1.09
56391 1.23 8.73 15874 0.93
56575 0.98 8.78 15882 1.13
54922 1.00 9.70 15966 1.23
57258 0.83 8.01 16004 0.90
54977 0.98 10.07 16008 1.06
56602 0.59 8.67 16015 1.22
56442 0.70 8.64 16047 0.99
55434 2.15 10.89 16076 1.12
57308 0.47 8.60 16086 1.14
56565 0.87 9.03 16230 1.17
57524 0.91 8.51 16277 0.70
57446 1.01 10.09 16325 0.69
57014 1.99 10.37 16336 1.06
57146 1.07 9.23 16394 1.12
57685 1.33 9.61 16587 0.78
58743 1.02 8.53 16747 0.94
59160 0.98 8.11 16767 0.64
58615 0.68 8.63 16916 1.01
59905 0.17 8.23 17020 1.05
58181 2.08 10.09 17021 0.67
59595 0.65 8.19 17142 0.71
59873 0.92 8.73 17182 1.18
59792 0.76 8.38 17187 1.12
59586 1.43 9.54 17317 0.89
59571 1.14 9.28 17333 0.98
60438 1.23 8.86 17378 1.08
60709 1.11 9.67 17469 1.20
61078 1.16 8.72 17585 1.06
60555 0.92 9.21 17686 1.18
60722 1.08 8.46 17693 1.08
61413 0.85 8.51 17764 1.13
61235 2.15 10.77 17800 1.13
61980 1.33 8.55 17855 1.00
62188 0.81 7.74 17941 0.63
61598 1.27 9.18 17974 0.78
61447 1.89 10.37 18006 0.92
62122 0.95 8.64 18074 0.60
62528 1.85 10.18 18095 0.70
61172 2.21 10.61 18169 0.66
62841 1.89 8.44 18183 0.66
60296 1.55 9.64 18229 0.66
63360 1.01 8.46 18387 0.89
63098 1.66 9.40 18407 1.08
62788 1.04 8.70 18430 0.61
63339 1.89 9.10 18496 0.68
63612 0.80 8.08 18528 0.65
63861 1.29 9.30 18625 1.10
63902 2.18 10.25 18642 0.83
64376 0.89 7.93 18721 0.68
64503 0.96 8.27 18812 0.85
64393 0.72 8.33 18833 0.75
64963 0.63 8.83 18930 1.20
65246 0.53 7.48 18943 0.62
65179 0.82 8.05 18957 0.75
64797 1.30 8.93 18976 0.68
65335 0.50 7.87 19120 0.70
65620 2.20 11.07 19148 0.97
64769 0.81 7.95 19149 0.77
65539 0.91 8.35 19158 0.88
65471 0.92 8.84 19171 1.14
65572 0.78 8.70 19210 0.67
65609 0.79 8.42 19234 0.75
65708 0.86 8.70 19257 0.67
65825 0.93 9.19 19312 0.87
66149 1.06 8.08 19356 0.71
65746 0.47 8.96 19365 1.18
66106 0.59 8.44 19373 1.18
66190 0.83 7.92 19382 0.71
65981 1.14 9.19 19383 0.72
66256 2.30 10.32 19394 0.68
66620 1.10 8.39 19606 0.75
66708 1.52 9.46 19715 0.67
66853 0.87 9.00 19747 1.04
67053 2.44 9.70 19872 1.08
67558 0.87 8.65 19989 0.96
67929 0.92 7.94 19993 0.87
67542 1.16 8.80 20106 0.97
67654 0.84 8.92 20111 0.78
67996 0.85 8.32 20157 0.82
68115 1.05 8.56 20166 0.69
68104 0.90 9.40 20192 1.14
68033 1.12 9.58 20199 1.14
68241 1.11 8.03 20222 0.60
68414 1.24 9.10 20253 1.03
68854 0.87 8.57 20360 1.19
68918 0.78 8.72 20392 1.11
68841 1.91 10.31 20404 1.10
68675 0.94 9.41 20461 0.67
69044 1.02 8.47 20468 0.95
68944 0.92 8.01 20481 0.66
68982 1.03 9.14 20490 0.82
68852 0.79 8.21 20506 0.75
69170 0.83 8.75 20547 1.10
69168 0.77 8.53 20557 0.71
69341 0.52 8.68 20634 1.14
69260 1.37 8.59 20703 0.68
69713 1.47 8.64 20734 0.69
69686 0.50 7.84 20744 0.90
69234 0.77 8.89 20873 0.99
90791 2.19 10.89 30922 0.66
91095 2.07 11.09 30997 1.00
93128 0.91 9.30 31315 0.94
93102 1.06 9.68 31396 1.23
93370 2.22 10.14 31406 0.66
91651 2.09 10.85 31425 1.01
92455 1.09 8.51 31429 0.71
93627 1.21 9.38 31474 1.15
92959 0.83 8.38 31486 0.90
93992 0.43 7.92 31510 0.97
93808 0.99 8.18 31518 0.77
93946 2.40 10.30 31549 1.07
93923 0.82 8.90 31557 0.92
93811 0.89 9.24 31572 0.94
94128 1.21 9.61 31589 0.97
95110 2.17 10.75 31613 1.22
94290 1.01 9.43 31614 0.90
94425 0.86 8.81 31685 1.18
94873 0.89 8.26 31742 0.79
94900 0.91 8.69 31766 1.19
93984 0.78 9.43 31832 1.03
94854 0.66 8.83 31841 1.04
94858 0.65 8.55 31852 0.95
95513 0.72 8.38 31974 1.08
95330 0.96 8.82 32016 0.74
95800 1.04 9.29 32157 0.74
96378 0.64 8.15 32265 0.68
96579 1.06 9.07 32401 1.18
96907 0.85 7.95 32403 0.90
96671 2.03 8.20 32409 0.62
96778 0.85 8.42 32469 0.75
96942 0.60 8.57 32541 0.75
97043 1.25 9.44 32543 0.62
97327 0.64 8.74 32575 1.14
97487 1.33 9.28 32624 0.95
96494 0.79 7.43 32675 0.66
96737 1.31 9.30 32687 0.73
98384 2.22 10.45 32799 1.10
96481 1.14 9.60 32800 0.65
98046 0.61 8.08 32808 0.61
96927 0.99 9.06 32810 0.67
98242 0.61 8.29 32884 0.66
98198 0.95 8.45 32901 0.83
98698 2.03 10.27 32976 0.85
98703 1.31 9.22 33004 1.20
98849 0.72 8.37 33012 1.12
98951 0.95 8.48 33061 0.76
99129 0.75 8.30 33143 0.97
99252 0.71 7.92 33188 0.77
99275 1.05 9.23 33202 1.07
99381 0.69 8.39 33215 0.93
99014 1.08 9.78 33286 0.68
97568 1.38 10.69 33287 1.01
99598 1.04 8.49 33304 0.90
99490 0.94 8.58 33332 0.69
99589 1.30 9.63 33371 1.21
100181 0.44 8.17 33377 1.23
99156 0.73 9.41 33384 0.95
99400 1.02 9.18 33424 1.22
100332 1.01 8.17 33458 0.83
100119 0.83 8.26 33491 0.68
100338 0.76 7.93 33608 0.78
100393 0.84 8.39 33704 0.73
100526 1.33 9.08 33705 0.67
100652 0.92 8.45 33742 0.80
101064 0.52 7.72 33746 0.80
100679 0.88 8.56 33754 0.68
100951 1.16 8.52 33824 0.88
100543 0.92 8.92 33851 0.69
100572 1.73 9.76 33855 0.77
99892 1.09 9.55 33864 1.07
101091 1.04 9.41 33930 1.05
101299 1.13 8.72 33944 0.68
101176 0.70 8.98 33950 1.05
101634 0.88 9.13 34004 0.94
101405 1.35 9.41 34018 0.76
101780 1.18 8.66 34043 0.79
101633 1.41 8.94 34055 0.67
101093 0.78 8.76 34083 0.90
101795 1.08 8.93 34164 0.91
101718 1.67 9.66 34167 1.04
102037 0.87 8.46 34210 1.11
102205 1.12 8.88 34264 0.98
102153 1.01 9.40 34297 0.74
102163 1.13 9.37 34373 1.06
102547 1.24 9.67 34406 1.09
102708 0.44 7.86 34476 0.88
102735 1.02 9.24 34482 0.66
102957 1.20 8.74 34560 1.00
102847 1.04 9.47 34601 1.13
103107 0.92 8.25 34625 0.93
102027 0.97 8.91 34644 1.06
103116 0.49 9.35 34650 0.96
103421 0.58 7.76 34680 0.86
103422 1.09 9.33 34733 0.80
103683 1.19 8.62 34881 0.72
103811 0.94 9.20 34926 0.95
103982 0.81 9.19 34960 1.20
103969 0.92 9.11 34967 1.21
103877 0.73 8.38 35006 0.94
104125 0.89 9.13 35036 1.08
104150 1.45 9.58 35038 0.95
103918 2.14 10.62 35046 0.91
104478 0.80 8.69 35139 0.95
104498 0.82 8.98 35176 0.97
104641 1.11 8.52 35209 0.75
104731 0.48 8.13 35214 1.01
104622 1.16 8.44 35227 0.67
104801 1.35 8.45 35243 0.72
104868 1.10 8.93 35295 1.01
104514 0.79 8.65 35315 0.92
104408 0.76 8.44 35323 0.73
104981 0.89 8.53 35335 0.96
105016 0.81 8.82 35382 0.74
105328 0.82 8.52 35530 1.05
104446 0.92 8.69 35542 0.84
105400 1.17 8.33 35551 0.78
105522 0.95 8.88 35559 0.66
105622 1.01 8.04 35566 0.61
105547 2.16 10.63 35579 0.61
105570 0.88 8.64 35624 0.92
107060 0.81 9.46 35681 1.22
105980 1.83 9.66 35721 0.68
106026 0.62 8.22 35758 0.75
106132 1.06 8.21 35790 0.64
106073 1.38 10.00 35800 1.05
105015 0.78 8.68 35804 0.61
106061 1.38 8.90 35828 0.73
106446 0.87 7.85 35880 0.67
106606 0.84 8.32 35924 0.70
106641 0.53 8.23 36013 0.91
104516 0.68 9.15 36018 1.22
107136 2.37 10.62 36094 0.94
106953 0.89 8.17 36116 0.67
107052 0.71 8.66 36135 1.05
107208 1.14 9.42 36155 1.22
107055 0.70 8.36 36170 0.87
107036 0.99 8.56 36178 0.61
106993 0.56 8.34 36186 0.91
106067 1.72 10.59 36189 0.78
107111 0.75 8.46 36235 0.62
107670 0.90 8.74 36283 1.12
107680 0.94 8.28 36357 0.92
107823 0.88 9.09 36394 0.94
107668 1.18 8.12 36419 0.73
106859 1.44 9.70 36507 0.73
107776 1.26 7.91 36515 0.63
107858 0.81 8.09 36524 0.81
107863 0.78 9.27 36568 1.01
108274 1.16 9.28 36583 0.79
108028 0.98 8.48 36611 1.09
107997 0.72 8.55 36615 0.94
108145 0.25 8.39 36624 1.08
107754 0.82 8.54 36625 1.06
108174 0.69 8.05 36630 0.69
107778 1.04 9.03 36674 0.98
108366 0.68 8.55 36693 1.07
108336 0.93 9.23 36755 1.19
108456 1.24 9.76 36850 1.08
108510 1.84 10.08 36854 0.93
108716 1.16 8.37 36919 0.84
108147 1.85 9.75 36953 0.62
108561 0.89 9.26 36970 1.08
108874 0.73 8.02 36974 0.91
108620 0.71 8.63 36979 0.90
108322 1.14 9.85 37001 1.21
108779 1.10 9.76 37035 1.14
109264 0.55 7.87 37048 0.82
109091 1.03 9.02 37063 1.22
109250 0.74 8.41 37144 0.92
108922 2.30 9.86 37188 0.64
109043 1.32 8.81 37189 0.69
109396 1.09 8.66 37248 0.74
109107 1.02 9.73 37249 1.13
109422 0.97 9.27 37259 1.16
109167 1.72 9.76 37270 0.89
109151 2.18 10.52 37282 0.67
109438 0.85 8.55 37364 0.69
109609 1.12 8.31 37380 0.70
109596 0.65 8.07 37401 0.74
109824 0.94 9.10 37447 0.75
110198 0.97 8.32 37541 0.72
109889 0.98 8.52 37547 0.68
110235 0.89 8.59 37624 0.90
109900 0.80 9.27 37715 0.73
110215 0.99 9.12 37730 1.06
109794 2.16 10.65 37739 0.67
110258 1.00 9.10 37791 0.90
110892 1.33 8.19 37833 0.63
110712 0.80 8.24 37848 0.84
110397 1.62 9.57 37872 0.90
110962 1.36 9.03 37880 1.03
111055 1.04 8.86 37910 1.22
111194 1.27 8.60 38051 0.73
111151 0.84 8.84 38076 0.61
110733 0.65 8.53 38083 0.95
110870 2.02 11.10 38092 0.67
110765 1.30 8.98 38117 0.93
111122 0.75 8.90 38177 0.94
110487 2.19 10.29 38191 0.97
110664 0.89 8.89 38216 1.06
111806 0.96 8.81 38347 0.85
112386 1.02 8.20 38506 0.83
112614 0.48 8.09 38607 0.78
111700 1.23 9.67 38625 0.97
112746 1.44 8.69 38642 0.71
112745 0.76 8.85 38680 1.03
112747 0.65 8.16 38702 0.94
112789 2.57 11.24 38786 0.66
112840 1.19 9.43 38822 1.04
112989 0.68 8.50 38872 1.13
113107 0.86 8.46 38964 0.89
113169 1.55 9.84 39007 1.12
113409 0.83 8.20 39023 0.68
112943 1.26 9.03 39097 0.73
113730 0.92 8.95 39120 1.20
113558 0.73 8.65 39130 1.23
113482 1.09 8.72 39133 0.70
113434 1.35 9.16 39151 1.11
113184 0.94 8.69 39231 0.79
113815 1.18 8.28 39249 0.71
113919 0.75 9.04 39253 1.19
114024 1.04 8.43 39255 0.76
114244 0.55 8.71 39485 1.05
112827 1.26 9.53 39497 0.95
113361 1.94 9.94 39504 0.66
113895 1.29 9.73 39591 1.21
113877 1.07 10.04 39603 1.23
114960 1.10 8.31 39626 0.93
115288 2.31 10.56 39654 1.05
114108 2.28 10.25 39681 0.73
113555 1.21 9.63 39765 0.73
115210 1.03 8.77 39782 1.15
115491 0.93 8.02 39789 0.73
113375 2.36 10.44 39825 1.07
114998 1.71 9.35 39937 0.75
116185 0.59 8.13 40033 0.93
115761 1.41 8.88 40035 0.67
114932 0.96 9.09 40054 0.80
116364 0.75 7.93 40077 0.84
116124 0.76 8.34 40110 0.75
115331 1.14 9.36 40136 0.73
115683 0.94 8.31 40149 0.62
115928 1.00 8.60 40207 0.88
115775 1.29 9.65 40214 1.11
116174 2.03 8.96 40247 0.66
115446 1.62 10.60 40255 1.17
116423 0.77 7.76 40268 0.62
115877 0.80 9.31 40270 1.09
116154 0.74 8.91 40278 1.10
116507 1.09 9.09 40306 1.21
115462 1.76 10.31 40337 0.64
115794 1.41 10.00 40392 1.04
116157 1.84 10.27 40475 1.09
116349 2.14 10.59 40476 1.19
117560 0.47 8.30 40590 0.67
116724 1.64 9.57 40631 0.68
117548 1.10 8.48 40646 1.11
117748 1.01 8.13 40663 0.68
117225 2.21 10.03 40732 0.97
117770 0.80 8.46 40765 1.07
118182 0.44 7.28 40791 0.62
117865 0.90 8.94 40811 1.04
117575 0.89 8.35 40819 0.63
117222 0.85 8.71 40836 0.67
118077 1.11 8.76 40871 1.13
116284 1.15 9.72 40878 1.12
118171 1.24 8.65 40886 0.93
117997 1.16 8.77 40904 0.68
117790 1.00 8.67 40968 0.68
118014 0.84 9.37 40976 0.95
118251 0.60 8.27 40997 0.94
117066 0.97 9.00 41062 0.73
118024 1.83 10.16 41108 1.22
118155 1.22 9.51 41111 0.87
119137 0.90 8.07 41133 0.84
119164 1.26 8.47 41208 0.90
119076 1.27 8.21 41224 0.65
119260 1.12 8.40 41236 0.69
118925 1.08 8.62 41312 0.74
118459 0.91 8.99 41383 0.68
119747 0.83 7.77 41431 0.73
119880 1.02 8.59 41559 1.05
119470 1.11 9.32 41603 1.04
119278 1.81 9.64 41647 0.91
119016 1.96 10.68 41654 1.10
119873 0.90 8.73 41676 0.91
120439 1.62 8.83 41735 0.76
119504 0.97 9.42 41764 0.95
120415 0.76 8.25 41768 0.94
120445 0.74 8.50 41789 0.91
120466 2.37 10.01 41873 1.07
120644 0.90 8.22 41881 0.89
120099 0.81 9.02 41923 1.06
120725 0.96 8.84 41977 0.91
120798 0.67 8.21 41982 0.86
120950 1.09 8.70 42012 1.00
120859 0.64 8.65 42038 0.94
120926 1.26 8.93 42054 1.06
121473 1.00 7.48 42154 0.62
121302 1.08 8.13 42160 0.67
121574 1.42 8.64 42248 0.67
121785 1.26 8.08 42303 0.70
120845 1.81 9.75 42329 0.94
120898 2.15 10.43 42409 1.12
121678 0.67 8.63 42442 1.08
121911 0.86 8.46 42445 0.68
121405 1.90 9.99 42472 1.10
108892 2.00 10.40 37083 0.98
109511 0.73 8.54 37194 0.91
109766 0.97 9.31 37320 0.94
109435 0.75 8.34 37366 0.65
109019 0.78 8.87 37382 0.95
109770 0.80 8.57 37399 1.00
110170 0.37 8.25 37490 1.03
109872 0.90 8.60 37543 0.72
110187 1.14 8.59 37565 0.75
109885 2.18 9.97 37571 0.74
110031 1.19 8.97 37601 0.78
109948 0.87 8.57 37607 0.78
109992 1.12 9.51 37614 1.02
110400 0.54 8.09 37701 0.67
110493 0.78 8.53 37766 0.76
111741 1.88 10.92 37812 1.11
111108 0.92 8.10 37890 0.78
110065 0.83 8.71 37904 1.02
110950 0.83 8.02 37905 0.74
110891 0.92 8.61 38084 0.75
111492 0.69 7.92 38104 0.74
110801 1.49 9.60 38124 1.10
111030 0.95 9.12 38160 1.05
111366 1.12 8.24 38165 0.63
111622 0.93 9.18 38232 1.22
111901 1.21 7.97 38322 0.64
109886 1.06 9.48 38326 0.64
111556 1.84 9.60 38356 0.68
110795 0.67 9.24 38398 1.21
112095 1.05 8.62 38429 1.00
111643 1.43 9.40 38466 0.72
112881 0.96 8.32 38652 0.96
112960 1.50 9.10 38767 1.02
112927 0.97 8.57 38783 0.87
112133 0.98 9.11 38876 0.75
112457 1.78 9.64 38893 0.97
113548 0.58 8.34 39049 1.10
113364 0.75 8.44 39051 1.08
113474 0.89 8.77 39071 0.88
113842 0.61 7.68 39140 0.74
113279 0.83 8.57 39141 0.64
113434 1.35 9.16 39151 1.11
113685 1.05 8.99 39162 0.96
113298 2.37 11.09 39170 1.08
112093 2.27 10.87 39241 1.04
113815 1.18 8.28 39249 0.71
114057 1.64 8.66 39273 0.74
114298 0.86 7.64 39274 0.74
114077 1.10 8.24 39278 0.70
114115 0.87 8.04 39302 0.65
113678 1.33 9.65 39406 0.98
112617 2.16 10.49 39433 1.10
114779 0.54 7.83 39602 0.76
114230 2.30 10.66 39631 1.08
114221 0.77 8.56 39684 0.65
115024 1.33 9.19 39689 1.15
115210 1.03 8.77 39782 1.15
114657 1.45 10.22 39807 1.23
114644 1.04 9.00 39826 0.75
115258 0.91 8.93 39847 1.12
115449 1.08 8.61 39933 0.77
115589 1.20 8.50 39983 0.81
114978 0.97 8.71 40001 0.71
115319 0.84 8.90 40002 0.73
115544 0.67 8.56 40023 0.91
114932 0.96 9.09 40054 0.80
116260 1.01 8.54 40063 1.00
115422 0.83 8.46 40095 0.64
115684 0.88 8.89 40114 1.16
115331 1.14 9.36 40136 0.73
116031 1.04 9.06 40238 0.62
116370 0.83 8.84 40421 1.09
117202 0.98 7.82 40463 0.64
117116 0.92 8.14 40519 0.78
117376 1.85 10.39 40541 1.01
116653 1.01 9.19 40544 0.74
117002 0.85 8.96 40553 1.04
116802 0.75 8.41 40579 0.67
117521 1.37 8.30 40614 0.64
117714 0.84 8.31 40651 0.91
117864 0.49 8.29 40703 0.96
117333 0.82 8.93 40730 0.94
116765 1.86 10.10 40762 1.01
117686 0.85 8.53 40786 0.68
117648 0.90 8.59 40846 0.75
117138 1.11 9.75 40956 0.64
117725 2.54 11.20 40985 0.75
118196 1.20 9.28 41040 1.22
118438 0.84 8.71 41095 0.74
117429 1.56 10.22 41115 0.64
117608 2.13 10.49 41147 0.64
118434 1.80 9.93 41151 1.13
118687 1.38 8.82 41194 0.75
118673 0.91 8.59 41212 0.74
118193 0.76 9.11 41266 1.17
118660 1.12 9.88 41283 1.22
118772 1.31 9.20 41358 1.06
118448 0.59 8.60 41363 0.66
119341 0.81 8.08 41406 0.74
118526 0.88 9.04 41460 0.64
119722 0.59 8.66 41509 1.11
119493 2.40 9.93 41531 1.06
119612 0.90 9.23 41571 1.01
120268 0.79 8.32 41670 1.04
120286 1.39 8.90 41682 0.94
119893 0.79 8.68 41683 1.09
119951 1.73 9.64 41688 1.14
119997 1.87 8.77 41692 0.73
118455 1.74 9.99 41708 1.03
119088 1.33 9.45 41755 0.64
119666 1.62 9.90 41775 1.00
119744 1.18 9.04 41790 0.74
119193 2.18 10.82 41796 0.78
119702 0.72 9.16 41806 1.06
120576 0.63 7.90 41850 0.77
120689 1.18 8.26 41854 0.61
119927 0.55 8.19 41863 0.73
120095 1.37 8.89 41889 0.77
119489 1.41 10.56 41898 0.63
119774 1.79 9.51 41930 0.81
120843 1.87 8.83 41950 0.72
119960 1.16 8.53 41962 0.63
121020 0.96 7.86 42019 0.69
120229 1.49 9.12 42043 0.75
120967 1.00 8.94 42064 1.02
120840 0.95 8.82 42106 0.72
120441 1.50 8.81 42108 0.70
120559 2.30 9.99 42123 0.74
121011 1.36 9.50 42139 1.20
121095 2.12 10.51 42221 1.04
120974 0.91 9.32 42253 1.20
121350 0.80 8.74 42266 1.22
121149 1.25 8.72 42270 0.62
121195 0.72 7.77 42288 0.65
121785 1.26 8.08 42303 0.70
120803 0.92 9.08 42362 0.61
121904 0.55 7.81 42446 0.75
121733 1.03 9.35 42454 0.69
121864 0.87 8.26 42459 0.74
122108 1.34 8.92 42497 0.75
122099 0.52 7.97 42505 0.75
121506 0.75 7.95 42551 0.69
121227 1.79 10.18 42560 1.20
122206 0.81 8.52 42580 0.91
121974 0.82 8.72 42625 0.67
122039 0.85 8.80 42632 0.92
121718 1.16 8.78 42681 0.73
121837 1.34 9.55 42684 0.91
122404 0.94 8.40 42685 0.74
122309 0.96 8.46 42719 0.81
122854 1.31 8.18 42784 0.66
121967 2.18 10.46 42832 0.73
122421 1.11 8.74 42833 0.73
122929 0.56 8.02 42843 0.96
122646 1.22 8.71 42874 0.75
122600 0.63 8.77 42896 1.04
122735 0.87 8.06 42898 0.60
122913 0.73 7.99 42938 0.67
122961 0.81 8.74 43003 1.22
123390 1.55 8.47 43062 0.77
122710 0.73 8.44 43123 0.85
123008 0.42 8.47 43133 0.64
123168 1.63 8.92 43171 0.76
122449 1.75 10.46 43213 0.77
122766 1.20 8.97 43258 0.62
122949 1.04 9.51 43276 1.21
123802 0.87 9.14 43332 1.22
123236 2.31 10.11 43390 1.01
123533 1.08 9.35 43436 1.20
123066 1.55 9.31 43493 0.73
123779 1.08 9.08 43552 1.08
124313 2.35 10.03 43553 0.64
124266 0.46 7.62 43559 0.70
124410 1.01 8.40 43566 0.75
124741 1.04 7.99 43590 0.74
123543 1.38 9.84 43599 1.11
124606 0.98 8.08 43609 0.61
123472 2.42 10.69 43615 1.04
123477 1.21 9.78 43645 0.64
124152 1.12 9.33 43671 0.83
124248 0.95 8.97 43699 0.90
124945 1.16 8.98 43882 1.02
125699 0.90 8.12 44112 0.60
125541 0.62 9.12 44203 1.01
126193 1.01 8.07 44257 0.73
124964 1.00 9.64 44296 1.03
125733 0.73 8.92 44367 1.09
126281 0.71 8.98 44503 1.22
125828 1.09 9.68 44604 1.17
126415 1.89 9.43 44683 0.78
126934 0.63 8.76 44745 0.94
127195 0.41 7.90 44797 0.98
126769 0.96 9.24 44890 0.82
126762 2.02 9.98 44946 1.04
126750 1.12 8.94 44954 0.67
126365 1.53 9.20 44979 0.64
127226 2.01 10.12 45128 0.67
127541 0.71 8.67 45156 1.03
128062 1.14 7.92 45187 0.87
126958 2.33 10.62 45228 0.71
128352 0.69 8.72 45434 1.01
128313 1.08 8.27 45441 0.67
126790 1.14 10.08 45456 0.98
128198 0.62 8.73 45484 1.02
128268 0.81 8.69 45522 1.02
128379 1.15 8.36 45580 0.65
127741 0.88 9.32 45608 0.75
128541 0.98 8.78 45791 1.16
128510 1.64 9.87 45811 0.73
129369 0.70 8.27 45980 0.91
129605 0.28 7.71 46039 1.07
129968 0.60 8.42 46238 0.61
129047 0.96 8.32 46307 0.75
130087 1.15 8.42 46369 0.61
130387 0.94 8.70 46469 0.83
130552 0.99 8.55 46604 0.72
130877 1.48 8.63 46649 0.67
131112 1.27 8.77 46793 1.03
131165 2.25 10.74 46888 1.06
130885 1.02 8.91 46898 0.92
131467 1.06 7.78 46926 0.61
131381 0.95 8.86 46965 0.93
131724 0.92 8.90 47080 0.62
131864 1.11 8.34 47178 0.75
131938 1.15 9.21 47224 1.04
131716 1.48 9.99 47427 1.11
132474 1.12 9.17 47494 0.69
133150 2.30 11.22 47742 1.14
132786 1.24 8.66 47782 0.69
133306 0.90 8.44 47791 0.68
133586 1.05 8.51 47903 0.74
133694 2.48 10.56 47961 0.66
133763 0.91 8.59 48088 1.11
134044 1.03 9.23 48121 1.11
134467 0.80 8.28 48168 0.99
133802 1.41 9.75 48200 1.13
134389 1.46 10.00 48285 0.92
134787 1.56 10.09 48474 1.08
135692 0.76 7.94 48544 0.74
8941 1.25 9.19 803 0.93
9382 1.37 9.88 934 0.98
10075 0.82 8.19 943 0.83
9343 1.47 9.40 971 0.64
10429 1.04 8.55 985 0.74
10465 0.87 8.77 1002 0.96
10810 1.46 8.98 1014 0.65
10593 0.55 8.23 1017 0.86
11099 1.40 8.13 1066 0.74
11488 1.02 8.65 1103 0.83
12062 1.23 10.01 1186 1.04
12230 0.25 8.37 1200 1.18
9378 2.36 10.65 1213 0.69
12350 0.85 8.29 1221 0.82
11507 1.07 9.32 1226 0.69
12378 2.21 10.38 1236 0.67
12457 0.87 8.69 1273 0.68
13011 0.48 7.98 1288 0.62
12949 1.48 8.75 1309 0.62
12926 0.46 7.69 1311 0.70
13283 1.88 9.42 1368 0.80
13988 0.46 8.67 1436 1.20
13732 1.17 8.20 1439 0.69
14093 1.11 9.05 1452 0.80
14405 1.54 9.54 1485 1.09
14386 1.25 9.42 1489 0.67
13986 1.78 9.40 1516 0.61
13856 1.07 9.82 1519 0.95
14215 1.60 10.42 1522 0.85
13499 1.66 10.66 1565 1.01
14958 0.85 9.16 1572 1.22
14555 2.32 10.69 1619 0.63
15281 1.02 8.84 1621 0.97
15336 0.83 8.46 1642 0.88
15324 1.43 9.22 1644 1.06
15513 0.79 8.50 1677 0.94
15093 0.90 9.29 1681 1.20
14990 0.96 8.71 1693 1.06
15793 0.69 8.64 1734 1.23
15868 1.00 8.15 1756 0.67
16039 0.75 8.76 1763 1.06
15921 1.48 9.28 1770 0.91
15929 0.66 7.85 1788 0.64
16179 1.12 9.26 1802 1.09
16183 0.55 8.34 1808 1.05
16371 0.90 9.19 1835 1.18
16488 0.78 7.85 1881 0.67
16683 1.16 8.21 1902 0.68
16788 0.67 7.90 1913 0.62
17024 0.99 9.24 1982 0.65
16290 1.84 9.71 1992 0.72
17163 1.05 9.06 1997 0.91
17321 0.46 8.34 2030 0.78
17264 1.23 8.52 2031 0.68
17368 1.17 8.55 2035 0.94
17413 0.66 8.61 2039 1.19
17704 1.59 9.51 2095 0.73
17587 0.67 8.23 2102 0.74
17669 0.61 8.49 2126 1.17
17494 0.52 8.80 2128 1.14
18065 0.83 8.59 2152 1.20
17950 0.41 7.39 2171 1.22
17999 0.86 9.11 2270 1.23
16836 0.92 9.61 2297 0.92
18882 0.86 8.62 2322 0.66
18972 1.61 9.69 2334 0.92
19003 1.09 8.14 2338 0.68
18337 0.43 9.54 2346 1.09
18484 0.76 8.62 2406 0.94
19435 1.19 8.99 2426 0.68
19473 1.33 8.38 2428 0.76
19569 0.90 8.25 2462 0.85
19652 1.12 8.84 2496 0.76
19591 0.94 8.46 2507 0.85
19733 0.86 8.48 2529 0.89
19683 1.09 8.91 2569 1.03
19952 1.15 8.20 2578 0.71
19226 1.41 9.60 2595 0.66
20714 0.90 8.34 2604 0.67
20072 0.70 9.20 2650 1.14
20265 0.78 8.53 2670 1.08
20387 0.79 8.36 2672 1.10
20694 0.64 8.46 2732 1.23
20877 0.69 8.86 2768 1.06
20681 1.00 8.98 2805 0.91
21023 0.82 8.58 2810 1.10
20901 1.24 9.53 2856 1.15
21363 0.86 8.99 2919 0.69
21196 0.49 8.05 2958 0.82
21614 0.86 8.54 2962 0.69
21592 2.33 10.61 2977 0.68
21612 1.16 9.37 2980 0.73
21777 0.95 8.99 2989 0.68
21605 0.53 9.36 3014 1.16
21730 1.04 9.25 3026 0.83
21647 1.03 9.09 3047 0.78
21819 0.75 8.44 3074 1.18
22233 0.57 8.19 3141 0.69
22266 0.76 8.48 3164 0.94
22153 0.53 8.62 3175 0.91
22402 1.51 9.88 3186 0.82
22708 1.72 9.94 3188 0.69
22217 0.98 9.07 3194 1.09
22513 1.15 8.66 3208 1.03
22316 0.72 8.82 3213 1.20
22514 0.84 8.17 3237 0.69
22486 0.79 8.49 3241 0.91
22563 0.69 8.48 3251 0.90
22784 0.88 8.67 3274 0.75
22695 0.92 8.83 3304 0.92
22897 0.89 7.70 3334 0.62
23034 0.85 8.72 3361 1.08
22917 2.15 9.90 3375 0.67
23059 0.99 7.93 3389 0.65
23093 0.92 8.28 3396 1.05
23142 1.99 10.67 3402 0.66
23136 1.07 8.39 3409 0.87
23155 1.28 8.09 3414 0.64
23215 1.59 9.77 3424 1.08
23246 0.84 9.06 3436 1.21
23177 0.94 8.94 3457 1.19
23433 1.88 8.64 3475 0.70
23413 1.68 8.56 3479 0.72
23524 0.70 8.35 3489 0.83
23407 2.09 10.23 3504 0.68
23511 0.49 8.91 3520 1.22
23920 0.62 8.10 3587 0.85
23929 1.59 9.64 3595 1.17
23992 1.79 8.85 3610 0.69
23172 2.44 10.64 3649 0.67
24360 0.97 8.58 3702 1.09
24367 0.59 7.77 3756 0.72
24480 0.94 9.36 3773 0.95
24599 0.73 7.92 3787 0.81
24717 1.06 8.03 3801 0.74
24609 1.43 9.50 3804 1.09
24671 0.92 8.27 3805 0.66
24605 1.80 8.85 3810 0.66
24770 1.20 8.88 3821 0.94
24521 1.24 9.16 3825 0.68
24919 0.75 9.38 3861 1.21
25164 0.91 8.26 3897 0.66
24707 1.78 10.16 3933 0.94
25205 1.20 9.93 3943 0.97
25253 1.28 8.56 3975 0.70
25462 0.75 8.40 3991 1.11
25474 0.71 8.59 4015 0.83
25184 1.97 9.56 4036 0.66
25316 0.91 8.70 4052 0.91
25687 0.16 7.96 4082 1.09
25860 1.11 8.56 4108 0.68
26450 0.84 8.42 4239 0.68
26728 0.75 8.44 4312 1.09
26909 0.50 8.55 4381 1.07
26158 2.20 10.77 4390 0.66
26160 1.24 9.10 4409 0.68
27183 0.87 7.78 4441 0.81
27304 1.33 9.08 4446 0.74
27562 1.13 9.31 4478 0.89
27652 0.81 8.79 4541 0.69
27862 0.76 8.94 4637 1.10
28280 0.91 8.96 4679 0.93
27974 2.43 10.32 4682 0.68
28000 1.10 9.01 4686 0.68
28310 0.98 8.97 4705 0.74
28588 1.87 9.53 4779 0.66
30010 2.35 10.99 4878 0.68
29417 0.93 8.06 4911 0.73
29322 1.18 9.72 4965 0.96
29598 1.12 8.69 4989 0.98
29252 0.47 8.44 4991 1.06
29515 0.82 8.29 5028 0.71
29733 1.63 8.64 5057 0.69
29626 0.27 8.32 5076 1.00
29801 1.18 8.27 5091 0.61
29726 0.60 8.71 5099 1.23
29794 2.00 9.66 5107 0.69
29630 0.68 8.47 5138 0.91
29564 0.80 8.33 5149 1.08
30032 0.94 7.85 5156 0.63
29922 1.09 9.28 5165 1.14
30676 2.25 10.87 5356 0.68
30763 0.98 9.21 5362 0.69
31393 2.11 9.98 5435 1.14
30887 0.74 9.15 5462 0.91
31772 0.97 8.64 5500 1.11
31086 0.87 9.06 5505 0.85
31227 0.70 8.55 5537 1.09
31570 0.06 7.55 5560 1.11
31325 1.38 9.48 5759 0.67
31861 1.26 9.56 5783 0.68
32847 0.79 7.91 5914 0.94
30492 0.80 8.36 5917 0.65
32905 0.76 9.13 5923 0.96
32566 0.41 7.91 5937 0.62
32674 1.54 9.74 5977 0.62
31899 1.67 10.79 6006 1.16
32224 1.03 9.16 6013 1.11
33074 0.62 8.16 6043 1.02
32173 1.00 9.46 6069 1.10
32858 1.30 9.39 6091 1.09
33247 0.89 7.89 6092 0.79
32879 1.01 8.50 6105 0.62
33422 0.95 8.23 6121 0.96
33294 0.91 9.57 6331 1.03
33013 0.69 9.27 6375 1.20
32885 1.11 9.18 6378 0.62
33498 0.69 8.33 6394 0.76
33949 0.65 8.60 6470 0.88
34245 0.62 8.67 6490 1.09
34050 0.78 8.84 6569 0.93
33734 1.78 9.44 6652 0.79
34620 1.10 8.32 6736 0.86
35068 1.20 9.15 6824 1.13
35116 0.54 8.46 6854 1.09
34128 1.18 9.36 6883 0.73
35134 0.96 9.14 6995 1.07
35692 0.87 8.69 7075 0.94
35657 0.65 9.10 7126 1.12
34457 1.00 9.34 7134 0.79
34803 0.93 9.24 7150 0.65
35255 1.11 9.12 7201 0.68
65620 2.20 11.07 19148 0.97
66708 1.52 9.46 19715 0.67
67053 2.44 9.70 19872 1.08
67558 0.87 8.65 19989 0.96
67929 0.92 7.94 19993 0.87
67599 0.86 8.64 20030 0.73
67752 1.06 8.65 20067 0.90
67542 1.16 8.80 20106 0.97
68303 0.53 8.12 20124 1.07
67996 0.85 8.32 20157 0.82
67814 1.54 10.09 20164 0.84
68115 1.05 8.56 20166 0.69
66729 1.27 9.70 20178 0.68
68033 1.12 9.58 20199 1.14
68241 1.11 8.03 20222 0.60
68414 1.24 9.10 20253 1.03
68854 0.87 8.57 20360 1.19
68918 0.78 8.72 20392 1.11
68841 1.91 10.31 20404 1.10
68675 0.94 9.41 20461 0.67
69044 1.02 8.47 20468 0.95
68982 1.03 9.14 20490 0.82
68852 0.79 8.21 20506 0.75
68941 0.92 8.61 20527 1.07
69170 0.83 8.75 20547 1.10
69168 0.77 8.53 20557 0.71
69117 0.81 8.58 20614 1.09
69341 0.52 8.68 20634 1.14
70232 1.23 9.83 20671 0.67
69260 1.37 8.59 20703 0.68
69472 0.95 8.15 20704 0.74
69713 1.47 8.64 20734 0.69
69686 0.50 7.84 20744 0.90
70225 0.74 7.51 20919 0.70
70128 0.87 7.97 20925 0.76
70141 1.00 8.89 20976 1.11
70635 0.81 8.16 21081 0.88
70340 0.99 8.59 21086 1.05
70518 1.14 9.19 21101 1.10
70264 0.97 9.42 21141 0.95
70859 0.92 8.14 21169 0.76
70973 0.95 8.47 21228 0.86
71081 0.90 8.65 21283 1.07
70682 1.31 8.93 21345 0.74
70821 0.97 8.76 21362 0.78
71305 0.83 8.72 21418 1.16
70878 1.46 9.24 21422 0.72
71858 1.33 8.30 21541 0.71
71890 0.93 8.14 21571 0.79
72113 0.74 8.26 21672 1.09
72048 1.30 9.66 21690 1.06
71524 1.28 10.00 21740 1.20
71560 1.08 8.85 21761 0.68
71864 1.00 8.93 21774 0.76
72302 0.51 8.66 21799 1.16
72319 0.83 8.41 21835 0.95
72024 0.79 9.06 21849 1.22
72692 0.97 9.14 22046 1.18
72853 0.21 8.13 22060 1.09
72082 0.96 9.10 22113 0.66
73166 0.97 8.47 22278 0.69
73385 1.11 8.83 22488 0.67
73549 0.98 8.53 22547 0.69
74234 0.45 7.68 22659 0.79
73423 1.21 8.75 22714 0.68
74011 0.55 8.81 22730 0.92
74217 1.25 8.66 22738 0.94
73908 0.96 8.60 22812 0.91
73866 1.22 9.06 22819 0.69
74352 1.30 8.44 22843 0.62
74385 0.88 8.73 22847 1.16
74166 0.72 8.56 22858 0.93
73333 1.73 10.13 22942 0.62
74133 2.43 10.99 23102 0.66
74900 0.86 8.61 23103 0.93
74950 0.77 8.67 23118 1.09
74418 1.27 8.91 23208 0.69
74060 2.41 10.95 23237 0.66
75397 0.93 8.52 23334 0.91
73974 2.26 10.58 23421 1.20
74039 1.34 9.56 23487 0.76
75495 1.29 9.18 23553 0.68
75733 1.38 8.68 23613 0.68
75938 0.84 8.18 23630 0.91
76125 1.01 9.04 23650 1.08
75971 1.12 8.72 23702 0.89
75604 1.98 9.21 23765 0.63
72905 1.98 10.42 23802 0.66
76150 1.95 8.63 23938 0.63
76197 0.89 9.12 23985 1.05
76706 1.26 8.42 24039 0.78
76806 1.35 8.83 24054 0.92
76864 1.20 8.86 24133 0.84
76422 2.11 9.57 24153 0.67
76154 0.92 8.70 24207 0.61
76924 1.41 8.81 24293 0.85
76612 0.67 8.70 24296 0.87
76751 1.22 10.22 24519 1.11
77853 0.70 7.56 24529 0.66
77668 0.95 7.95 24619 0.72
76094 2.62 11.40 24622 0.68
78045 0.93 8.00 24685 0.78
78036 0.68 8.30 24699 1.20
78273 1.27 8.35 24820 0.75
76863 1.39 10.27 24857 1.01
78417 0.67 8.61 24859 1.17
77539 1.21 8.73 24864 0.69
78527 0.73 8.41 24904 0.78
78224 0.77 8.40 24914 0.67
77902 0.92 9.57 24947 1.08
78343 0.81 8.79 24976 1.02
78761 0.84 8.59 25032 1.03
77522 2.47 10.94 25053 0.63
78140 0.98 8.92 25067 1.04
78771 1.13 7.98 25227 0.72
78360 0.95 9.26 25231 1.04
78692 1.92 8.67 25243 0.61
79058 1.00 9.25 25304 0.92
79154 1.00 8.57 25346 0.89
79520 0.83 8.72 25549 0.76
78077 1.06 9.77 25592 0.74
78710 2.07 10.46 25641 1.16
79891 1.09 8.71 25659 0.95
79645 2.01 8.77 25703 0.63
77579 1.81 9.41 25737 0.70
78885 0.91 9.57 25745 1.08
77821 1.16 9.78 25843 1.00
78415 2.26 10.60 25884 0.66
80058 0.72 8.23 25900 0.82
80446 1.92 8.49 25908 0.66
80297 0.90 8.90 25991 1.07
79895 2.10 9.55 26018 0.67
80255 1.27 9.41 26031 0.95
80434 1.15 9.10 26053 1.08
79756 0.74 8.78 26065 1.14
79581 1.37 10.33 26087 1.11
80618 2.00 8.87 26102 0.71
80892 0.91 8.78 26124 1.07
80115 0.94 9.02 26233 0.60
81296 0.63 8.11 26283 1.02
80662 2.11 8.87 26316 0.64
80500 1.03 9.07 26549 0.66
80076 0.99 9.08 26571 1.22
80543 1.54 9.38 26578 1.11
81609 0.69 8.86 26698 1.03
82112 0.82 8.32 26726 0.69
81021 1.22 9.62 26746 1.09
82307 0.84 8.09 26763 0.61
81277 0.93 8.58 26802 0.68
82075 0.46 7.93 26904 0.82
81636 1.42 9.81 26972 1.22
82314 0.96 8.86 26983 1.00
81384 1.30 8.62 27016 0.69
82356 0.83 8.47 27090 1.13
81328 0.85 9.33 27095 1.05
81973 1.05 9.47 27202 1.12
81011 2.24 10.91 27231 0.93
82239 0.93 8.67 27261 1.09
82729 0.80 8.44 27341 0.99
83293 0.96 8.88 27482 1.19
81306 2.21 9.72 27564 0.69
83749 1.59 8.64 27600 0.68
83804 0.75 8.83 27795 1.06
83248 2.42 10.53 27965 0.63
83735 0.89 9.52 28052 1.11
83686 0.90 9.26 28188 0.85
83789 0.80 8.52 28207 0.76
85374 1.17 8.62 28309 0.95
85517 0.21 8.00 28321 0.88
83975 1.67 9.74 28356 0.63
84197 1.08 9.30 28362 0.92
84173 1.80 9.38 28424 0.72
83834 0.85 9.23 28445 0.61
83479 1.34 9.87 28448 1.09
85692 1.26 8.46 28503 0.69
85844 0.56 8.37 28644 1.03
84991 1.26 9.07 28662 0.73
84478 0.98 9.13 28680 0.73
85552 1.94 9.77 28762 0.91
86109 0.89 8.32 28773 0.69
85861 0.85 8.83 28785 1.21
85748 0.94 8.64 28890 0.69
88069 1.14 9.83 28995 0.78
86184 0.82 9.32 29053 1.08
85918 0.80 8.75 29054 0.92
86604 1.76 10.23 29155 1.09
86962 1.05 8.99 29236 1.14
84625 1.48 9.74 29238 0.64
87658 1.17 9.56 29313 1.06
87492 0.59 8.64 29323 1.08
87611 0.86 8.55 29360 1.06
87420 1.00 8.72 29385 0.73
86719 0.83 9.48 29394 1.06
87735 0.95 8.11 29411 0.72
87679 1.31 8.85 29530 0.84
87958 1.97 9.83 29565 0.66
88542 0.58 8.01 29615 0.67
89030 0.87 7.98 29630 0.78
88222 2.22 10.67 29699 1.11
87783 0.70 9.32 29713 1.13
87843 1.74 10.33 29730 0.95
87827 2.26 10.34 29794 0.63
88791 1.28 9.76 29815 1.19
86051 1.58 10.41 29845 0.65
89063 1.08 9.17 29846 0.87
90546 2.40 11.47 29928 1.09
89122 0.75 9.15 30053 0.76
90078 0.70 7.84 30107 0.62
88897 1.13 9.28 30271 1.06
90246 0.88 8.43 30367 0.60
90936 0.74 8.47 30381 0.91
90321 0.75 8.61 30387 1.16
90198 0.80 8.58 30442 0.83
90809 1.17 9.03 30479 1.06
90740 1.17 9.24 30489 0.84
91584 1.88 9.16 30510 0.63
91139 1.09 9.75 30520 0.99
91869 2.10 9.67 30587 1.18
91429 0.78 8.40 30668 1.19
90359 1.13 9.72 30691 0.78
90325 1.74 10.32 30760 0.68
91382 0.67 8.68 30777 1.07
92025 0.85 8.43 30894 1.05
92248 0.77 8.07 30924 0.61
92495 0.93 9.16 30931 1.11
92468 1.32 8.84 30952 0.72
91517 0.87 8.86 31032 0.99
93198 0.66 8.43 31044 0.70
92376 0.62 8.81 31063 1.08
92715 0.88 8.02 31090 0.82
92399 0.97 8.11 31131 0.83
92860 0.91 8.87 31205 0.73
93563 2.38 10.05 31210 1.13
93242 0.85 8.58 31262 1.08
93218 0.79 8.20 31269 0.94
93988 1.69 9.66 31342 0.88
93484 1.07 8.27 31380 0.68
93719 1.06 8.79 31439 1.00
93849 1.04 8.72 31448 1.05
93759 0.92 9.22 31475 1.07
93827 0.93 8.58 31489 0.95
94356 1.71 9.88 31529 1.12
93811 0.89 9.24 31572 0.94
94128 1.21 9.61 31589 0.97
94364 0.87 8.61 31596 1.08
94200 1.20 8.97 31634 0.68
94425 0.86 8.81 31685 1.18
94792 1.17 9.27 31722 1.06
94873 0.89 8.26 31742 0.79
94632 0.58 8.10 31803 0.82
94858 0.65 8.55 31852 0.95
95449 0.87 8.18 31929 0.70
95469 0.77 8.34 31991 0.93
95997 1.23 8.89 32121 0.89
96013 1.58 9.00 32136 0.95
