#stackcount  ongrid  chi2  chi2_fitrange  metals  age  tau  tauV  alpha  filename
6  0.3,7.5  63.419869064  55.4697192668  m22  0.0114815  0.0199  2.9  1.32319437878e-15  bc2003_hr_m22_tauV29_csp_tau199_salp.fits
7  0.3,8.0  667.241235217  89.7103725935  m22  0.00660692  0.01  2.9  2.16836243976e-15  bc2003_hr_m22_tauV29_csp_tau100_salp.fits
8  0.3,8.5  49.9808768667  22.3301283214  m62  0.0114815  0.01  2.5  9.73122701742e-16  bc2003_hr_m62_tauV25_csp_tau100_salp.fits
12  0.6,7.5  475.653340992  120.562993785  m22  0.0104713  79.432  2.9  6.2038466382e-12  bc2003_hr_m22_tauV29_csp_tau794320_salp.fits
13  0.6,8.0  62.4625959844  46.5629751716  m22  0.0109648  0.0316  2.9  3.18779871737e-15  bc2003_hr_m22_tauV29_csp_tau316_salp.fits
14  0.6,8.5  47.0591463045  38.1167523652  m42  0.00416869  0.0125  2.6  2.91110710506e-15  bc2003_hr_m42_tauV26_csp_tau125_salp.fits
15  0.6,9.0  119.306384701  83.1633091798  m42  0.00416869  0.0794  2.8  5.55322160117e-14  bc2003_hr_m42_tauV28_csp_tau794_salp.fits
20  0.9,8.0  142.846840355  80.4402486903  m22  0.0109648  0.0398  2.9  2.97888313509e-15  bc2003_hr_m22_tauV29_csp_tau398_salp.fits
21  0.9,8.5  57.9555222416  28.4955285532  m22  0.00346736  0.0398  2.8  2.00200908371e-14  bc2003_hr_m22_tauV28_csp_tau398_salp.fits
22  0.9,9.0  156.277012297  85.9667750534  m42  0.00724435  0.1258  2.9  5.04520103017e-14  bc2003_hr_m42_tauV29_csp_tau1258_salp.fits
23  0.9,9.5  83.3910658402  72.6165907978  m42  0.00999998  79.432  2.9  5.09071001604e-11  bc2003_hr_m42_tauV29_csp_tau794320_salp.fits
27  1.2,8.5  26.1545718131  13.9359371509  m22  0.0054954  0.01  1.5  4.44212186011e-16  bc2003_hr_m22_tauV15_csp_tau100_salp.fits
28  1.2,9.0  185.092940042  141.529004687  m22  0.00380189  0.0125  2.9  1.0539905626e-14  bc2003_hr_m22_tauV29_csp_tau125_salp.fits
29  1.2,9.5  107.839745319  66.6862001616  m22  0.00380189  0.01  2.9  1.79195216426e-14  bc2003_hr_m22_tauV29_csp_tau100_salp.fits
30  1.2,10.0  384.401794729  303.962559939  m22  0.00660692  0.0199  2.9  3.5366487868e-14  bc2003_hr_m22_tauV29_csp_tau199_salp.fits
34  1.5,9.0  59.0614381059  57.1672022905  m72  12.499999744  6.3095  0.0  3.75392690944e-14  bc2003_hr_m72_tauV0_csp_tau63095_salp.fits
35  1.5,9.5  89.5458547806  67.1813592814  m32  11.500000256  3.1622  0.0  2.68848962707e-14  bc2003_hr_m32_tauV0_csp_tau31622_salp.fits
36  1.5,10.0  287.130672005  169.574204526  m32  10.250000384  1.9952  0.0  8.02604142568e-14  bc2003_hr_m32_tauV0_csp_tau19952_salp.fits
37  1.5,10.5  871.892624751  366.903795029  m32  7.0  0.063  0.0  2.21048518131e-13  bc2003_hr_m32_tauV0_csp_tau630_salp.fits
41  1.8,9.5  94.6347059972  43.5005358819  m32  9.249999872  0.01  0.8  5.02207477792e-14  bc2003_hr_m32_tauV8_csp_tau100_salp.fits
42  1.8,10.0  122.364794936  77.143203622  m22  20.0  0.01  1.7  1.90010852272e-13  bc2003_hr_m22_tauV17_csp_tau100_salp.fits
43  1.8,10.5  313.686202538  219.629865702  m72  4.0  1.2588  0.3  1.31877520667e-13  bc2003_hr_m72_tauV3_csp_tau12588_salp.fits
47  2.1,9.5  88.5527834732  67.2618950321  m72  12.999999488  5.0118  0.0  4.30105678491e-14  bc2003_hr_m72_tauV0_csp_tau50118_salp.fits
48  2.1,10.0  161.234361069  127.958822632  m62  10.0  3.981  2.3  1.70119548583e-13  bc2003_hr_m62_tauV23_csp_tau39810_salp.fits
49  2.1,10.5  1502.94953206  1091.68887206  m62  1.8  0.1584  0.4  8.52200460963e-14  bc2003_hr_m62_tauV4_csp_tau1584_salp.fits