# Catalog for all galaxies that matched between 3DHST and PEARS.
# pears_id redshift ra dec dn4000 d4000
34427 0.890 189.185000 62.177030 1.0638 1.0795
33944 0.700 189.161100 62.176090 1.2719 1.5032
35090 0.680 189.200400 62.177260 1.1854 1.2482
35700 0.750 189.184600 62.178100 3.8523 19.3966
35156 1.200 189.199500 62.179390 1.4431 1.3967
35309 1.190 189.197800 62.178840 1.2616 1.3368
36830 0.850 189.172400 62.179890 0.7040 0.9969
37116 0.620 189.188300 62.180260 0.6062 0.6995
37285 0.770 189.204400 62.180380 0.9464 0.7983
36739 1.190 189.213900 62.180400 1.2182 1.6356
37044 1.230 189.213700 62.181120 1.6000 1.7833
36569 0.940 189.202400 62.180370 1.0422 0.9695
36989 0.860 189.169800 62.180370 1.4673 1.6593
37541 0.610 189.193400 62.181030 2.1002 -94.6893
36639 0.880 189.172700 62.181010 1.1700 1.2687
37670 0.920 189.204500 62.181440 1.5685 2.0195
36842 0.910 189.185200 62.181450 1.1479 1.2037
37842 0.660 189.213900 62.181880 2.1547 3.9092
38146 1.020 189.205000 62.182020 1.1677 2.0506
37908 1.090 189.214100 62.181900 2.3289 1.9677
37644 0.930 189.203800 62.181670 1.2383 1.2976
36944 0.840 189.170400 62.181960 1.1233 1.2562
38345 1.130 189.164400 62.182450 1.2555 1.6343
38344 0.970 189.194800 62.182590 1.1955 1.2220
36105 0.910 189.191500 62.183700 1.4203 1.6396
37982 0.900 189.192300 62.183940 1.1031 1.3402
37225 0.660 189.208200 62.183080 1.0959 1.3903
38812 0.650 189.202700 62.183250 1.2237 1.4676
38392 0.800 189.207600 62.183010 1.8909 2.3329
38120 0.930 189.208600 62.183770 1.1192 1.2817
39394 0.820 189.169800 62.184210 1.4037 1.0144
40010 0.830 189.183500 62.185080 1.0214 1.9129
39311 0.650 189.208600 62.185200 1.0654 1.3291
39842 0.880 189.183200 62.185380 1.0434 0.9793
40004 0.910 189.192000 62.185600 1.2453 1.4612
39487 0.960 189.207300 62.185310 1.1208 1.1345
39987 0.610 189.180600 62.185840 0.9194 1.6628
39728 0.770 189.170000 62.185910 1.4261 1.3541
39455 0.930 189.160700 62.186620 1.3561 1.6125
41018 1.010 189.185000 62.187140 1.2590 1.5021
41031 0.830 189.159700 62.187110 1.5205 2.8914
41172 0.650 189.173000 62.187510 0.8924 1.1267
41342 0.920 189.159400 62.187780 1.1957 1.1936
41064 0.790 189.187300 62.187770 1.0727 1.2670
41499 0.830 189.213100 62.188230 1.2802 1.5000
42132 1.060 189.162100 62.188770 1.8528 0.8542
41931 1.030 189.190500 62.188490 1.6617 1.5055
41546 1.150 189.187900 62.188230 1.3354 1.4950
42058 0.940 189.162600 62.188730 1.0091 0.7931
42245 0.910 189.180200 62.188900 0.5554 0.8973
41540 0.920 189.162200 62.188400 0.9864 1.0692
41932 0.940 189.161000 62.188980 -0.7929 -30.1766
41630 1.180 189.198700 62.189040 1.2777 1.4079
42014 0.870 189.177300 62.189500 1.0221 1.0807
42526 0.750 189.193100 62.189790 1.2507 1.1793
41388 0.990 189.171400 62.190370 1.3606 1.8063
42430 0.980 189.161700 62.189960 1.0121 1.1410
40991 0.990 189.185000 62.192640 1.3975 1.7909
43079 0.910 189.182500 62.190570 0.8488 0.9276
41913 1.100 189.172400 62.191650 1.0504 1.4027
44207 0.700 189.195700 62.192500 1.0291 1.2860
44367 0.980 189.159600 62.192740 0.5762 0.7164
44060 0.990 189.204700 62.192440 1.5337 2.2687
44678 1.040 189.180400 62.193260 1.6305 1.5428
44001 0.880 189.186500 62.192720 1.1110 1.2130
43618 0.740 189.182600 62.195330 1.6835 1.6134
44562 1.110 189.192400 62.195110 0.9289 1.1891
44835 1.090 189.178900 62.193780 0.7869 0.8952
45163 0.890 189.191600 62.193970 0.7134 1.4196
44021 0.760 189.176300 62.193070 1.3721 1.1645
44078 0.980 189.202700 62.194930 1.3652 1.7660
43991 1.020 189.169400 62.193310 1.2988 1.5108
44756 0.990 189.202400 62.194550 1.4469 2.0662
45026 0.970 189.180000 62.196750 1.2955 1.6641
46348 0.900 189.181500 62.196150 -0.0946 0.6699
46085 0.680 189.205900 62.196040 1.0601 0.8614
45117 0.970 189.185400 62.195580 1.1684 1.3499
45150 0.920 189.162200 62.195610 0.9748 1.1576
45506 1.010 189.206900 62.196130 1.0416 1.1969
46214 0.940 189.201700 62.196320 0.7111 1.2295
45958 0.980 189.167200 62.196340 1.3887 1.7595
45496 0.990 189.205200 62.196900 1.1648 1.3980
46952 0.940 189.165800 62.197340 1.0380 1.3516
45451 0.830 189.159600 62.197540 1.2601 1.6007
46694 0.960 189.177300 62.197310 1.4728 0.9026
46914 0.920 189.197700 62.197560 1.1244 1.0896
46626 0.950 189.205600 62.197480 1.2174 1.1248
47644 0.870 189.177900 62.198580 1.4206 2.1350
47511 0.940 189.194500 62.198420 1.5340 1.5940
47252 0.960 189.205600 62.198720 1.0365 0.9465
46766 1.020 189.188900 62.198570 1.3889 1.6758
46687 0.970 189.187800 62.198470 0.8643 1.0578
48681 0.860 189.203300 62.200680 0.6197 0.9257
48514 0.920 189.198000 62.200800 1.1803 1.2741
48954 0.860 189.160600 62.201070 1.4248 1.1051
49098 0.870 189.202500 62.201180 0.9482 1.2330
48229 0.660 189.191500 62.200480 1.0474 1.2983
48216 0.980 189.170200 62.200940 1.2078 1.3996
49001 0.830 189.169800 62.201470 1.0073 1.1858
48250 1.190 189.193400 62.201370 1.3018 0.9173
48189 0.990 189.166700 62.202140 1.2958 1.6795
50265 0.690 189.196900 62.203600 1.2667 1.4452
50210 0.650 189.196200 62.203570 0.9547 1.4222
49779 0.970 189.164300 62.203360 1.2142 1.5208
50542 0.950 189.205600 62.204130 1.3029 1.1084
49569 0.800 189.165500 62.204000 1.1980 1.3921
48650 0.930 189.209000 62.204810 1.2467 1.3693
50439 1.070 189.172900 62.204260 1.2390 1.5884
50422 0.750 189.181800 62.205160 1.3783 1.2186
51485 0.980 189.206400 62.205680 0.9710 1.0762
51988 0.700 189.167100 62.206270 0.6581 0.7853
51220 1.020 189.214300 62.205860 0.9054 0.9928
51003 0.940 189.204400 62.205990 1.0317 1.1005
52241 1.180 189.208100 62.207170 1.2444 1.2653
52591 0.840 189.189000 62.207530 1.1217 1.0301
52497 0.830 189.179700 62.207900 1.1737 1.5477
53198 1.220 189.168800 62.208600 1.3737 1.3383
52869 0.770 189.165600 62.208280 1.2112 1.2036
53566 0.890 189.192800 62.209390 1.0369 0.9799
52948 0.660 189.166200 62.208870 1.0596 1.4473
53403 1.040 189.166600 62.209450 1.0088 1.1271
52896 0.940 189.199100 62.209250 1.1104 1.1835
53471 0.830 189.179800 62.211820 1.4287 1.9115
54384 0.830 189.191500 62.210720 0.6684 0.8101
53708 0.690 189.209400 62.212820 1.3286 1.7750
54327 0.920 189.184100 62.211300 1.0091 0.9933
54815 0.790 189.207800 62.211830 0.7794 0.9231
54689 0.640 189.172500 62.211810 1.8047 1.5570
53563 0.870 189.192200 62.213010 1.3352 1.6545
54405 0.820 189.166400 62.213990 1.1798 1.5069
55063 1.070 189.177000 62.212620 1.0804 1.4246
55513 0.660 189.206100 62.213630 1.2312 1.7395
55392 1.160 189.176700 62.214620 1.2196 1.2601
56190 0.650 189.198100 62.214730 1.2720 1.6820
56832 0.910 189.193900 62.215440 1.1159 0.9876
57038 0.830 189.164500 62.215690 1.7530 -0.6301
57178 0.890 189.168100 62.215930 1.4408 0.9167
58124 1.170 189.173500 62.217580 1.2236 1.1539
58595 0.900 189.201900 62.218130 0.9441 0.9998
58137 0.980 189.177200 62.218200 1.8275 1.7734
58650 0.940 189.207000 62.218810 0.9852 1.0950
59121 0.910 189.204300 62.219470 0.9222 0.9505
59472 0.670 189.165500 62.219680 0.6285 0.8025
59445 1.020 189.165100 62.219720 1.1887 1.3596
59873 1.070 189.175100 62.220150 1.4676 3.1674
60049 0.760 189.185200 62.220390 0.5178 1.5025
59531 0.740 189.199700 62.220230 2.0217 1.8511
59398 1.180 189.201100 62.220600 1.0123 1.3709
60003 0.680 189.202100 62.220730 0.9128 0.8098
59375 1.010 189.171400 62.220790 1.1631 1.3347
60666 0.660 189.185900 62.222010 1.0961 1.3615
59863 0.800 189.203200 62.221890 1.1836 1.2349
60675 0.820 189.176600 62.222130 1.2306 1.4078
61065 0.870 189.175200 62.222690 1.0174 1.1032
61418 1.170 189.202100 62.223090 1.2702 1.1179
61113 1.220 189.204000 62.222850 1.4663 1.0539
60858 1.000 189.204400 62.222820 1.2938 1.3235
61746 0.950 189.202400 62.224630 1.2982 1.2528
61291 0.990 189.162400 62.224920 1.3644 1.6968
62388 0.940 189.197700 62.225110 1.0158 1.1348
62562 0.710 189.160600 62.225360 1.0049 1.2260
63084 0.800 189.196100 62.225940 0.9148 1.2342
62543 0.970 189.179400 62.225830 1.0789 0.9909
63169 0.930 189.164400 62.225970 1.0262 1.4145
63410 0.700 189.192200 62.226390 0.8819 1.4061
62376 0.930 189.180400 62.225830 1.1705 1.1667
62107 1.000 189.160400 62.227590 1.2313 1.6272
64178 1.040 189.166300 62.227370 0.5128 0.4313
63526 0.870 189.171100 62.227810 1.2806 1.7766
64394 0.990 189.178500 62.228440 1.0828 1.1373
63419 1.000 189.170700 62.228280 1.1776 1.3606
65347 0.740 189.169200 62.229590 1.6802 1.5255
65170 0.980 189.198600 62.229600 1.9142 1.2956
65589 0.820 189.175600 62.230180 1.2469 1.1212
64523 1.210 189.179800 62.229950 1.2876 1.2683
66217 1.050 189.180500 62.231440 1.2079 1.1390
66045 1.060 189.164100 62.231370 0.5931 0.7994
64178 1.040 189.166300 62.227370 0.5128 0.4313
63526 0.870 189.171100 62.227810 1.2806 1.7766
64394 0.990 189.178500 62.228440 1.0828 1.1373
63419 1.000 189.170700 62.228280 1.1776 1.3606
65347 0.740 189.169200 62.229590 1.6802 1.5255
65170 0.980 189.198600 62.229600 1.9142 1.2956
65589 0.820 189.175600 62.230180 1.2469 1.1212
64523 1.210 189.179800 62.229950 1.2876 1.2683
66217 1.050 189.180500 62.231440 1.2079 1.1390
66045 1.060 189.164100 62.231370 0.5931 0.7994
65404 1.010 189.193100 62.234730 1.2126 1.3969
66218 1.210 189.162000 62.231910 1.5444 1.3750
67081 0.800 189.212000 62.232690 1.5351 1.5533
65831 0.910 189.191800 62.232430 1.1010 1.1415
66873 0.920 189.171100 62.232980 1.6783 1.1507
67460 1.210 189.162500 62.233360 1.1025 0.5278
67551 0.930 189.180800 62.233890 1.0412 1.0744
68134 0.710 189.208600 62.234460 0.1929 0.6758
67343 1.140 189.174400 62.234140 1.3209 1.3117
68057 1.150 189.177200 62.234760 0.7035 0.5413
68430 0.920 189.198500 62.235050 1.2267 1.0778
68518 0.610 189.188600 62.235390 1.0354 1.5301
66753 0.720 189.206200 62.235310 1.4892 1.3662
68941 0.880 189.172500 62.235840 0.8901 1.1405
68706 1.080 189.202300 62.235600 0.8155 1.0221
69195 1.040 189.199800 62.236430 2.1323 1.3935
68696 0.990 189.201400 62.236880 1.2113 1.4037
69509 0.960 189.200400 62.237450 0.9652 0.9467
69819 0.860 189.194300 62.237660 0.6587 0.9147
69419 0.820 189.209800 62.237690 1.1152 1.4583
70082 0.660 189.178400 62.238140 0.9522 1.4405
69106 0.920 189.206500 62.237510 0.9935 1.0468
69850 0.880 189.209800 62.238610 1.0608 1.1027
70677 0.980 189.186600 62.239610 1.1442 1.3181
70974 0.960 189.168600 62.240060 1.6471 1.4979
70874 0.870 189.162300 62.240060 1.1997 1.4128
71675 0.940 189.178300 62.240880 0.9834 1.2005
71974 0.620 189.210600 62.241360 1.5005 1.8017
72081 0.910 189.184100 62.241820 0.9417 0.8046
71252 0.940 189.169200 62.241540 0.9942 1.4529
71891 0.900 189.180800 62.242150 1.7553 2.0084
72168 1.230 189.217000 62.242460 0.5978 0.2843
72261 0.910 189.167300 62.242380 1.1540 1.1883
72809 0.630 189.211100 62.243370 1.0791 2.2210
73331 0.930 189.213600 62.243930 1.2223 1.0028
72986 0.930 189.173800 62.243880 1.1460 1.1445
73160 0.620 189.215000 62.244210 1.0339 0.8945
73362 1.100 189.174100 62.244450 0.7402 1.1145
73626 0.760 189.171800 62.244800 1.3292 1.3800
74125 1.060 189.170200 62.245380 1.3572 1.4018
73635 0.650 189.216700 62.245210 1.0012 0.9088
72684 1.200 189.190700 62.245200 1.2297 1.0568
72800 0.650 189.195400 62.246600 1.1232 1.5411
75179 0.990 189.216500 62.247540 0.8985 1.0192
74943 1.010 189.171400 62.247780 1.0773 1.2505
75429 1.040 189.186000 62.247890 1.7728 1.8330
74794 0.640 189.192300 62.247820 1.1468 1.1814
76123 0.790 189.168300 62.248840 1.2152 1.3027
75367 0.900 189.208600 62.248430 1.0261 1.0539
74641 0.850 189.174700 62.249160 1.2229 1.4036
75917 1.000 189.206100 62.249130 1.0028 1.0660
75659 0.920 189.186700 62.248800 1.1060 1.0307
75556 0.880 189.203600 62.248890 1.0958 1.1428
76359 0.820 189.177700 62.249800 0.7405 1.1590
76107 0.840 189.192900 62.249900 1.2869 1.2276
77076 0.730 189.193200 62.250840 1.0055 1.0972
77037 0.840 189.167000 62.250720 1.3756 1.4847
77232 0.900 189.180900 62.251320 0.7634 1.5763
77570 1.100 189.165000 62.251610 0.8240 0.9369
76098 0.860 189.201400 62.252160 1.2008 1.6797
76778 0.840 189.170500 62.251420 1.0137 1.2530
76889 0.940 189.169600 62.251380 1.1223 1.5204
76917 0.930 189.181500 62.251670 1.0901 1.0620
76936 0.690 189.166900 62.251510 1.2251 1.4703
77819 0.840 189.174700 62.252510 1.4087 1.3687
78220 0.940 189.191400 62.253000 0.7038 0.6664
76773 1.000 189.200500 62.252420 1.0715 0.3940
78263 0.900 189.174800 62.253040 0.6973 0.5125
78349 0.650 189.191700 62.253240 1.0280 2.7623
77596 0.710 189.187800 62.252720 0.8097 1.1902
78180 0.780 189.215400 62.253340 1.5023 1.0648
78906 0.640 189.212300 62.254100 1.0365 1.1265
78345 0.900 189.201400 62.253870 1.0908 1.0306
80090 0.610 189.185200 62.256270 0.8952 0.5694
80098 0.800 189.201800 62.256460 1.0067 1.3336
79986 0.830 189.205800 62.256450 1.1159 1.2919
79195 0.940 189.211700 62.256250 1.2756 1.4278
79903 0.680 189.189300 62.256530 1.1011 1.2811
80411 0.840 189.193300 62.258160 1.3740 1.7019
80645 0.640 189.196000 62.258450 0.9557 1.1148
82035 0.610 189.185600 62.259660 1.2741 0.6203
81988 0.660 189.170000 62.259620 1.0137 1.3078
79928 0.880 189.181400 62.259080 1.1040 1.0821
81946 0.860 189.215600 62.259880 1.1843 1.2593
81024 0.820 189.170400 62.259530 1.4474 2.0273
82400 0.670 189.183900 62.260130 1.0907 1.2644
82391 0.860 189.207800 62.260230 1.1803 1.2697
79185 0.850 189.165600 62.263370 1.3606 1.6544
82693 0.850 189.206700 62.260700 1.1216 0.9962
82523 0.960 189.207700 62.260730 1.2412 0.9487
82368 1.230 189.167200 62.261010 1.3394 1.4272
82141 0.950 189.195300 62.261370 1.1529 1.1931
82799 0.950 189.167100 62.261390 1.0062 1.0050
82267 0.920 189.207800 62.261710 1.1678 1.3244
83434 0.870 189.179300 62.262650 1.4375 1.4375
84233 0.930 189.209300 62.263160 2.2478 1.4761
84028 0.830 189.207100 62.263040 1.3521 1.4908
84321 0.640 189.204000 62.263310 1.9236 0.8961
83432 0.930 189.206800 62.262890 1.3666 1.3040
84502 0.950 189.169100 62.263580 0.7908 0.9335
84033 0.730 189.190000 62.263300 1.3792 1.2943
83628 0.870 189.207400 62.263380 1.2499 1.4336
83503 0.860 189.202500 62.264710 1.3149 1.5975
84467 0.610 189.167500 62.264020 0.9734 0.9576
84143 0.910 189.208300 62.263900 1.2520 1.0426
84543 0.910 189.165700 62.264270 1.1211 1.3222
84626 0.920 189.198100 62.264820 0.9717 0.9923
84617 0.890 189.174400 62.264940 1.2516 1.1923
85002 0.870 189.162400 62.264820 1.6958 2.0797
85023 0.820 189.205400 62.265100 1.1849 1.5665
84649 0.840 189.167000 62.266240 1.4227 1.7010
85556 0.930 189.180500 62.265660 0.9909 0.7624
85073 0.970 189.166000 62.267140 1.1472 1.4549
85385 0.880 189.209600 62.265740 0.5864 1.4020
85372 1.140 189.178800 62.265800 1.0486 1.9484
85356 0.840 189.162200 62.266080 1.3580 1.6335
85879 1.160 189.183600 62.266480 0.8819 1.1304
85489 0.850 189.168500 62.267360 1.8012 1.9227
86234 0.930 189.180100 62.267880 1.1801 1.5001
86941 0.840 189.193500 62.268590 1.7352 2.3608
87608 0.830 189.209000 62.269520 0.8124 0.7978
88056 0.840 189.174400 62.270110 2.7763 2.4376
87433 0.770 189.187100 62.271410 1.3492 1.2549
87823 0.980 189.189700 62.270550 1.2016 1.3226
87634 0.740 189.169000 62.270330 1.5289 1.4646
88045 0.750 189.169400 62.270470 1.0247 0.9991
87585 0.840 189.179900 62.273720 1.3976 1.7138
88175 1.050 189.194000 62.271080 1.3168 1.2416
88207 0.610 189.179000 62.270950 0.1327 0.2507
88566 0.790 189.172100 62.271770 1.2444 1.7480
87368 0.820 189.163700 62.273070 1.3670 1.8201
88679 0.840 189.163400 62.273460 1.3537 1.6189
88858 0.820 189.176600 62.272900 1.1999 1.5102
89030 0.820 189.182100 62.273010 1.7503 2.5346
89189 0.620 189.192900 62.272440 0.6537 0.8410
89239 0.870 189.176400 62.273230 1.9872 1.8838
89514 0.830 189.180500 62.274220 1.2954 1.7271
90095 0.840 189.185800 62.274220 1.5209 1.9561
90064 0.790 189.170600 62.274600 0.9110 1.3307
90082 0.710 189.169900 62.274590 1.0427 1.3526
89993 0.920 189.179400 62.275610 1.1596 1.1442
90145 0.850 189.211000 62.274810 0.9867 0.9765
90248 0.890 189.174700 62.274460 0.8802 1.0255
90517 0.880 189.213700 62.274670 1.6269 1.5726
90359 0.650 189.211900 62.274700 0.5058 0.8229
90526 0.890 189.177200 62.276190 1.0678 1.0643
90879 1.000 189.176000 62.276500 1.1404 1.1373
90907 0.620 189.187500 62.275620 1.5625 1.3384
91162 0.880 189.176400 62.276070 1.2901 1.1432
91148 0.840 189.167200 62.276960 1.1854 1.4169
91367 0.940 189.174000 62.276440 0.9031 1.0470
91611 0.820 189.169400 62.276710 1.5087 2.1476
91469 0.670 189.210300 62.276680 2.3259 1.6967
91695 0.960 189.175500 62.277400 1.0015 1.0146
91795 0.810 189.176600 62.277440 -17.4341 15.8586
91947 0.840 189.168600 62.278350 1.0787 1.1783
92233 0.880 189.180700 62.278460 1.1588 1.2495
92535 0.830 189.176800 62.279260 1.2069 1.3714
93012 0.920 189.175000 62.280090 1.1402 1.1261
92509 1.040 189.168100 62.279850 1.1661 1.1268
92859 0.890 189.167000 62.281340 1.1677 1.3259
93154 0.690 189.187100 62.279940 1.6373 1.6157
93137 0.800 189.179500 62.280260 -1.7127 -0.5151
93208 0.900 189.165500 62.280260 1.0034 0.8485
93405 0.730 189.170400 62.280580 1.3098 1.1690
93394 0.890 189.164700 62.280770 1.1431 1.1142
93602 0.940 189.167300 62.282240 1.3794 1.4930
93719 0.810 189.178200 62.281010 1.4031 1.7718
93968 0.790 189.161900 62.281430 0.8958 1.0691
94073 0.870 189.203800 62.281900 0.9915 1.2998
94234 0.720 189.162600 62.281830 1.3577 0.9624
94262 0.870 189.174500 62.282690 1.1641 1.2528
94364 0.770 189.208900 62.282360 1.1007 0.8128
84077 0.940 189.308600 62.263780 1.1055 1.0542
84577 0.900 189.334500 62.263940 0.7416 1.6779
84551 0.810 189.331100 62.263960 2.5442 3.7832
83999 0.890 189.327900 62.263970 1.2636 1.2818
85141 0.610 189.311700 62.264780 1.0342 1.0616
85100 1.020 189.310000 62.264850 1.2124 1.3512
85410 0.750 189.317700 62.265320 1.2734 0.9953
84974 0.890 189.293500 62.265030 1.0770 1.0447
84715 0.780 189.323400 62.265320 1.3631 1.1340
85399 0.870 189.295900 62.266110 1.0550 1.5971
86697 0.670 189.312400 62.267870 0.8744 1.0560
88265 0.860 189.318700 62.270810 1.1177 1.2126
88171 0.740 189.296900 62.270980 1.3554 1.1643
88448 0.640 189.330800 62.271060 1.2143 1.2961
88591 0.860 189.326600 62.272060 0.8964 1.1375
89683 0.650 189.309600 62.273180 0.8538 1.2327
89383 1.050 189.294300 62.273350 1.2357 1.1136
88768 0.950 189.335000 62.273480 1.6994 1.8101
89877 1.060 189.283400 62.273850 0.9159 0.9486
89845 0.920 189.335800 62.274980 1.1276 1.1235
90194 0.710 189.287400 62.275100 0.9840 1.2346
90143 1.010 189.329500 62.275050 1.7946 1.6056
90557 0.840 189.314400 62.275800 1.0633 1.1712
91474 1.180 189.285100 62.277610 1.2165 1.4948
91587 0.720 189.303600 62.276550 0.9081 1.4548
91377 1.070 189.318600 62.278550 1.3033 1.5578
91612 1.190 189.298300 62.278000 1.3361 1.3336
91951 0.990 189.333500 62.277310 1.3657 0.9912
91724 1.000 189.338400 62.278290 1.1782 1.0818
92450 1.060 189.337600 62.278500 0.8803 0.9381
92989 0.630 189.288800 62.279690 1.0084 1.1771
92603 0.610 189.313600 62.279800 0.8783 0.8647
92316 0.950 189.330900 62.280270 0.9520 0.9658
93025 1.000 189.330200 62.279860 1.0864 1.2237
93328 1.120 189.303900 62.280350 0.9701 1.1395
93646 0.920 189.289000 62.281700 0.8358 0.4374
94085 1.030 189.299900 62.283240 1.1811 1.3657
94117 1.120 189.304700 62.281860 1.2190 1.1289
94458 0.860 189.325400 62.282650 1.6246 0.8790
94782 0.940 189.336500 62.283070 1.7046 1.3224
95898 0.770 189.331000 62.285060 1.1041 1.0651
96352 0.680 189.310900 62.285960 0.4482 2.0476
95449 0.940 189.328900 62.287280 1.0798 1.0276
97904 0.650 189.300000 62.290930 1.0640 1.3183
98420 1.130 189.330000 62.291230 1.0050 1.2309
98209 0.730 189.319500 62.292670 1.3780 1.3303
99633 0.980 189.299200 62.293390 1.5106 1.8472
100202 0.620 189.296100 62.293310 1.1523 1.1650
100950 0.930 189.318600 62.294270 0.9837 0.9859
100857 0.920 189.318700 62.294550 0.8576 0.8103
100776 0.830 189.327700 62.294180 0.9185 0.8953
100486 0.880 189.292200 62.294410 1.2690 1.3816
100715 0.920 189.309400 62.296860 1.0715 1.0334
102160 0.880 189.319100 62.296910 0.7307 1.0798
102600 1.180 189.300600 62.298430 1.4874 1.6830
102719 0.630 189.314200 62.297550 1.2967 1.1989
102575 0.950 189.328600 62.297870 2.2478 2.5344
103192 0.910 189.323600 62.298740 1.0305 1.1694
103094 0.910 189.321500 62.301360 1.1053 1.1671
104213 0.910 189.325700 62.300020 1.3890 3.3772
105674 0.660 189.283400 62.302410 0.7092 1.4360
105729 1.180 189.286400 62.303590 1.3556 1.5498
105709 1.050 189.305600 62.304320 1.1968 1.2056
105902 0.740 189.293000 62.303520 1.2062 0.9497
106694 0.640 189.325400 62.303950 0.8677 0.8906
106752 0.660 189.289900 62.304360 1.4984 1.6200
108010 0.750 189.302400 62.306200 1.2840 1.0559
107999 0.910 189.325200 62.306400 0.9559 0.8791
108239 0.690 189.288500 62.306730 0.8505 1.1503
107654 1.140 189.318600 62.307000 1.0024 1.2865
107452 0.630 189.302500 62.307990 1.2381 1.0959
108721 0.820 189.325800 62.307820 1.2748 1.5594
108932 0.870 189.305100 62.307800 1.1805 0.8301
109561 0.650 189.283600 62.308630 1.2243 1.4992
109801 0.820 189.289000 62.310020 1.1552 1.4332
110223 0.720 189.312900 62.310560 1.0999 1.4673
110708 0.980 189.292200 62.310700 0.8864 1.3119
110688 0.880 189.320500 62.311550 1.1551 1.1804
111351 0.800 189.289000 62.311650 1.0798 1.2306
111054 1.230 189.309100 62.312000 1.1204 1.4248
112235 1.190 189.306600 62.313530 0.9938 1.0833
112301 1.050 189.335900 62.313440 1.2285 1.0477
112486 0.810 189.323600 62.314100 1.0402 1.2252
114275 0.950 189.317000 62.316990 1.2533 1.1755
113696 0.730 189.337100 62.317120 1.4902 1.3147
115830 0.870 189.293300 62.318610 0.8409 1.0682
115636 0.950 189.331300 62.319370 1.1815 1.1528
98997 0.990 189.363800 62.293170 1.1780 1.4022
100137 0.620 189.368200 62.293250 1.0346 1.7478
100435 0.980 189.347800 62.293700 1.6505 2.0438
100728 0.810 189.355200 62.294340 1.0215 1.2467
101185 0.760 189.387200 62.295330 1.2586 1.0237
102530 0.950 189.364300 62.297230 1.0109 1.0340
102547 0.690 189.396700 62.297580 1.4662 1.6732
102134 1.150 189.368500 62.298260 1.3191 1.2588
104023 0.740 189.385500 62.299920 1.3082 1.0893
104306 1.160 189.351300 62.301240 1.1571 1.2397
103443 0.830 189.377800 62.301190 1.1417 1.4224
104879 1.110 189.354800 62.301170 0.9319 1.4673
105303 1.090 189.391900 62.301680 1.0558 1.4001
105461 0.640 189.349900 62.302220 1.0758 1.0693
107152 0.990 189.379100 62.305770 1.1916 1.3235
108321 0.880 189.358400 62.307580 0.9618 1.0482
108279 0.850 189.382200 62.307230 1.0805 1.1571
108529 1.230 189.357000 62.307700 1.8138 1.6503
108799 1.010 189.380900 62.307420 1.2102 1.4792
108448 1.150 189.379400 62.308480 1.1178 1.3009
108774 0.830 189.394300 62.307760 1.0429 1.1525
108871 1.060 189.354400 62.308170 0.8459 0.9938
109867 0.600 189.350000 62.309160 0.9214 0.8576
110145 1.020 189.347200 62.310300 1.2179 1.4108
110403 0.950 189.387900 62.310130 1.0057 1.0074
110595 0.920 189.373600 62.310330 1.5066 1.3251
110727 1.050 189.382700 62.311590 0.9158 0.9347
111096 1.020 189.402000 62.311590 1.1421 1.2796
111648 1.210 189.353800 62.312430 1.3843 1.1446
112100 0.670 189.398700 62.313120 1.0674 1.2008
112264 0.730 189.356300 62.313090 1.5197 1.7455
112383 0.620 189.351600 62.313790 1.2172 1.2774
113600 1.180 189.364500 62.315250 -0.7444 0.0697
113595 0.610 189.347000 62.314990 0.8159 0.6734
113506 0.840 189.353300 62.315380 1.3280 1.5700
113746 0.740 189.353800 62.316080 1.5064 1.3495
114628 0.820 189.397200 62.321720 1.2396 1.5377
116527 0.840 189.360800 62.319990 0.9849 1.1232
117715 0.990 189.400000 62.322160 1.0923 1.2874
117825 0.630 189.395800 62.323650 1.1460 1.2777
117847 0.880 189.375100 62.322570 1.0354 1.0965
118148 0.910 189.387300 62.323280 1.0701 1.0479
118319 1.150 189.391000 62.322850 1.0250 1.2205
118394 0.880 189.370400 62.323320 0.8846 0.9804
118335 1.230 189.391100 62.323040 1.2641 1.2055
118534 0.990 189.370500 62.323520 1.0816 1.0964
119191 1.020 189.388600 62.326780 1.2933 1.6891
118864 1.210 189.384800 62.326200 1.5104 1.4486
119684 1.060 189.350400 62.326910 0.9056 1.0290
119723 0.800 189.350400 62.327610 1.0766 1.1406
119616 1.030 189.363100 62.328060 1.2282 1.2425
119879 1.050 189.360000 62.329180 1.3070 1.4842
120498 1.180 189.397400 62.329620 1.6365 1.7879
120572 0.900 189.376600 62.328880 1.0054 1.0373
120691 1.170 189.395300 62.329660 1.2930 1.3235
120750 1.170 189.389100 62.329550 1.2503 1.6463
120710 0.890 189.372600 62.329570 0.5661 0.1667
121093 0.780 189.358700 62.331710 1.3644 1.3208
121143 0.600 189.398700 62.331030 1.4507 1.4926
121225 1.130 189.364700 62.330720 1.0204 0.9216
121635 0.640 189.388900 62.331760 0.3925 4.7189
121232 0.840 189.364800 62.332530 1.0547 1.2438
121718 0.930 189.376800 62.333110 1.0102 1.0069
121917 0.660 189.349700 62.332760 1.1066 1.4356
121834 0.960 189.389100 62.333260 0.8589 0.8348
121428 0.640 189.399000 62.334920 1.0415 1.0673
122303 1.000 189.357300 62.334010 1.1626 1.0940
122475 0.690 189.386900 62.334130 1.1225 1.3982
122616 1.160 189.381700 62.335810 1.2661 1.2953
122560 1.050 189.397000 62.335670 1.1270 1.1234
122257 1.110 189.386000 62.334720 0.3786 0.5284
122757 0.780 189.354700 62.335740 1.4111 1.1576
122855 1.060 189.399100 62.336070 0.9927 1.0726
122827 1.180 189.382300 62.335580 0.6856 0.5999
123008 1.010 189.372800 62.336040 1.6645 1.9066
123054 0.930 189.376500 62.336200 0.9682 0.8191
123269 1.120 189.397400 62.336310 -4.6831 -4.7707
123162 1.150 189.394500 62.337050 1.0172 0.9669
123296 0.900 189.394000 62.336520 0.9597 0.9825
123290 1.150 189.398100 62.338500 1.2176 1.3539
123504 0.880 189.392100 62.337580 1.0226 1.1015
123809 1.010 189.361300 62.338470 1.1716 1.4880
123850 0.990 189.392300 62.338980 1.5189 1.9278
123538 0.940 189.393200 62.341950 1.3012 1.4281
124177 0.820 189.361900 62.339940 0.9754 1.2983
123476 0.640 189.375900 62.342430 1.1246 1.2287
124893 0.810 189.395300 62.340640 1.2529 1.7116
123811 0.630 189.398100 62.341870 1.1824 1.3645
124678 1.160 189.356900 62.341400 1.3137 1.4619
125086 1.140 189.366100 62.343070 1.3905 1.7027
125212 0.780 189.389800 62.341670 1.5451 1.1768
124386 0.820 189.390300 62.344600 1.3424 1.6686
125809 1.090 189.347500 62.343970 0.5495 0.9152
125934 1.140 189.368500 62.345780 1.1703 1.4075
125948 0.940 189.362900 62.345820 1.0743 1.1502
9382 0.980 53.144010 -27.928780 1.1727 1.2762
9343 0.640 53.172900 -27.928910 1.0824 1.1364
10429 0.740 53.160980 -27.929120 2.1114 1.3765
10465 0.960 53.148590 -27.929020 0.9566 1.0919
10593 0.860 53.148190 -27.928860 1.0083 1.0710
11099 0.740 53.178620 -27.928130 1.6663 1.0624
12062 1.040 53.158840 -27.925240 1.2398 1.1714
12230 1.180 53.172620 -27.926140 1.0528 1.0001
9378 0.690 53.179340 -27.923600 1.1555 1.5236
12350 0.820 53.151700 -27.925680 1.0795 1.2225
11507 0.690 53.182750 -27.925010 1.0918 1.3473
12457 0.680 53.170520 -27.924230 0.9781 1.2096
13011 0.620 53.181460 -27.924430 0.8881 1.1457
12949 0.620 53.176660 -27.923990 1.3349 1.4095
12926 0.700 53.172270 -27.924400 0.7828 0.5216
13283 0.800 53.160560 -27.923020 1.2446 1.3013
13988 1.200 53.160840 -27.922050 1.3087 0.8873
13732 0.690 53.175470 -27.922370 0.8194 1.0602
14093 0.800 53.171680 -27.921840 0.9063 1.1177
14405 1.090 53.156930 -27.921330 1.0144 1.2055
13986 0.610 53.172090 -27.920530 1.2810 1.5137
13856 0.950 53.184810 -27.920430 1.1327 1.1097
14215 0.850 53.145640 -27.919770 1.1975 1.3426
13499 1.010 53.169840 -27.918150 1.1592 1.3403
14555 0.630 53.177960 -27.917690 1.3621 1.6256
15281 0.970 53.144060 -27.919440 0.8853 1.0131
15336 0.880 53.145660 -27.919110 0.9172 0.8527
15324 1.060 53.182110 -27.919280 0.6671 0.8966
15513 0.940 53.168960 -27.918980 4.2764 1.5824
15093 1.200 53.184770 -27.918460 1.1777 1.1847
14990 1.060 53.174070 -27.918450 1.0965 1.5212
15793 1.230 53.151900 -27.918210 1.0756 1.0209
16039 1.060 53.167370 -27.917350 0.6178 1.0214
15921 0.910 53.177620 -27.917390 1.2750 0.9229
15929 0.640 53.160710 -27.917590 0.3418 1.0578
16179 1.090 53.167960 -27.917300 0.9962 1.0673
16183 1.050 53.153330 -27.917250 0.8915 1.0513
16371 1.180 53.160620 -27.916860 1.2217 1.2787
16488 0.670 53.185120 -27.916270 3.1113 1.2173
16683 0.680 53.152700 -27.915940 0.8602 0.7789
16788 0.620 53.184950 -27.916070 0.8992 1.3161
17024 0.650 53.153370 -27.913960 1.0731 1.3296
17055 0.950 53.191900 -27.915320 0.9847 1.1749
17022 0.730 53.191880 -27.912430 1.4496 1.3107
16290 0.720 53.188920 -27.914170 1.3824 1.3476
17163 0.910 53.183310 -27.915040 1.0836 1.0762
17321 0.780 53.176030 -27.914770 1.0842 0.5844
17264 0.680 53.179500 -27.914650 1.0437 1.0600
17368 0.940 53.171400 -27.914650 1.1445 1.1722
17413 1.190 53.181410 -27.914720 1.3393 2.3382
17468 0.670 53.196590 -27.914350 0.9956 1.1389
17704 0.730 53.184780 -27.913400 1.5116 1.4477
17587 0.740 53.160820 -27.913850 1.1057 0.9619
17669 1.170 53.151940 -27.913510 1.5374 1.6237
17494 1.140 53.156740 -27.913370 1.0413 0.9244
18065 1.200 53.155360 -27.913370 1.6100 0.7965
17950 1.220 53.174960 -27.913060 0.4175 0.8490
17999 1.230 53.162860 -27.911480 1.8216 1.2900
18610 0.920 53.196660 -27.911460 1.0668 0.9003
18213 0.940 53.195070 -27.911210 1.0347 0.9494
18882 0.660 53.161370 -27.910450 1.1969 1.3798
18972 0.920 53.171620 -27.910570 1.2392 1.4038
19003 0.680 53.164920 -27.910830 0.9102 1.1999
18337 1.090 53.177910 -27.909530 0.8588 0.9583
18484 0.940 53.175110 -27.909910 1.2013 1.1834
19435 0.680 53.142980 -27.909360 1.0182 1.2833
19473 0.760 53.155980 -27.909700 3.4527 1.4670
19585 0.680 53.196590 -27.908620 1.1200 1.4329
19569 0.850 53.153780 -27.909320 0.5056 0.9393
19652 0.760 53.154010 -27.908700 1.3159 1.0345
19591 0.850 53.187060 -27.909200 1.5605 1.3656
19733 0.890 53.174320 -27.908980 0.7673 0.8245
18260 0.660 53.193370 -27.903870 1.1916 1.5381
19683 1.030 53.148500 -27.908320 0.9694 1.0542
19952 0.710 53.182330 -27.908430 1.8795 2.5779
20714 0.670 53.166730 -27.906020 0.8189 1.1720
20072 1.140 53.168690 -27.907430 1.2351 1.0967
20265 1.080 53.150990 -27.907570 1.2607 1.0873
20387 1.100 53.151880 -27.907410 0.8836 1.4625
20694 1.230 53.187380 -27.906920 0.9073 0.8047
20877 1.060 53.176780 -27.906120 0.8533 1.1180
20681 0.910 53.171400 -27.905210 1.1504 1.1014
21023 1.100 53.160710 -27.906000 1.1075 1.6873
20901 1.150 53.144240 -27.905620 1.3277 1.2144
21363 0.690 53.146710 -27.904560 1.0357 1.2581
21592 0.680 53.145920 -27.901460 1.3509 1.7267
21612 0.730 53.175820 -27.903720 1.4091 1.1980
21777 0.680 53.148080 -27.903770 1.0535 1.2220
21605 1.160 53.176640 -27.903720 0.9458 0.8672
21891 0.680 53.191910 -27.903920 2.2198 1.8373
21730 0.830 53.183050 -27.903220 1.0513 1.2390
21647 0.780 53.154660 -27.903760 1.4694 1.2462
21819 1.180 53.171410 -27.903950 1.1837 1.2508
22051 0.640 53.193040 -27.902910 1.1446 1.3332
22233 0.690 53.186940 -27.903100 0.8710 1.1693
22266 0.940 53.142650 -27.903210 1.1272 0.8138
22153 0.910 53.157990 -27.902530 0.9693 0.8764
22708 0.690 53.142600 -27.899970 1.1336 1.4750
22217 1.090 53.151420 -27.902620 1.0216 1.2019
22513 1.030 53.188490 -27.902750 0.9518 1.3814
22316 1.200 53.160760 -27.902550 0.9384 1.0726
22514 0.690 53.190000 -27.902240 1.9291 1.5743
22486 0.910 53.175420 -27.902230 0.9664 0.8969
22563 0.900 53.157860 -27.902280 2.0782 2.6553
22784 0.750 53.179390 -27.901760 1.5517 1.2818
22897 0.620 53.161390 -27.901870 0.5990 1.0993
23034 1.080 53.148030 -27.901430 0.8359 0.9415
22917 0.670 53.170920 -27.900480 1.3375 1.8608
23059 0.650 53.188580 -27.901280 0.6836 0.7897
23093 1.050 53.153800 -27.901170 0.6576 0.6047
23142 0.660 53.160680 -27.897110 1.3274 1.7643
23136 0.870 53.143000 -27.901090 1.3477 0.7290
23155 0.640 53.167550 -27.901140 0.3647 0.7728
23215 1.080 53.147750 -27.900510 1.0651 1.3349
23246 1.210 53.142290 -27.900510 1.6125 1.1099
23177 1.190 53.168300 -27.900260 0.8531 1.1940
23413 0.720 53.152490 -27.900300 1.0356 0.6318
23524 0.830 53.145470 -27.900230 1.1623 1.6791
23407 0.680 53.159470 -27.898450 1.2537 1.6390
23920 0.850 53.177620 -27.899390 1.0314 1.0425
23992 0.690 53.184710 -27.898880 2.1987 2.1897
23172 0.670 53.145210 -27.897240 1.4156 1.8927
24360 1.090 53.179390 -27.898440 0.6311 0.9773
24480 0.950 53.156310 -27.897400 1.0956 1.1062
24599 0.810 53.149330 -27.897810 1.1682 1.3697
24717 0.740 53.143910 -27.897700 1.1460 0.7832
24609 1.090 53.185760 -27.897270 0.7258 1.0569
24671 0.660 53.142650 -27.897380 0.5730 1.3202
24605 0.660 53.184310 -27.897310 1.1202 1.3335
24521 0.680 53.175350 -27.896840 0.9842 1.1759
24919 1.210 53.160640 -27.896350 7.8929 4.6177
25164 0.660 53.159710 -27.896630 1.8727 1.0772
24707 0.940 53.181230 -27.894510 1.1949 1.3264
25205 0.970 53.170030 -27.895420 1.1260 1.2445
25253 0.700 53.152130 -27.896270 0.9634 1.1143
25462 1.110 53.182460 -27.895720 0.8272 1.2917
25474 0.830 53.165210 -27.895710 1.2979 1.4996
25184 0.660 53.142600 -27.895070 1.3542 1.9223
25687 1.090 53.185710 -27.895560 0.9562 0.9506
25860 0.680 53.186140 -27.895060 0.8287 1.5678
26450 0.680 53.183480 -27.893890 1.1709 1.3520
26614 0.760 53.196190 -27.893750 2.1600 2.7267
26728 1.090 53.156640 -27.893390 2.2737 1.5738
26158 0.660 53.178570 -27.890210 1.4265 1.8852
26160 0.680 53.179310 -27.892040 1.0535 1.3716
27183 0.810 53.161110 -27.892840 0.9364 1.4771
27304 0.740 53.166070 -27.891980 1.3886 1.2302
27562 0.890 53.146170 -27.891950 1.0629 1.1095
27652 0.690 53.174000 -27.891510 1.2008 1.2640
27862 1.100 53.144910 -27.890930 1.5822 0.8972
28280 0.930 53.165020 -27.890500 1.9413 0.9936
27974 0.680 53.146610 -27.889680 1.3449 1.8875
28000 0.680 53.186290 -27.890120 1.0829 1.4237
28310 0.740 53.165000 -27.890180 1.4615 1.1634
28588 0.660 53.176900 -27.889310 1.1887 1.6870
30010 0.680 53.164520 -27.883790 1.4184 2.0519
29417 0.730 53.172950 -27.888730 1.7325 0.8138
29252 1.060 53.174920 -27.888530 0.7322 0.8615
29515 0.710 53.182040 -27.887980 1.1535 1.2718
29733 0.690 53.187370 -27.887990 0.6473 1.2247
29626 1.000 53.168530 -27.887810 1.5426 1.3736
29801 0.610 53.152100 -27.887690 0.6482 0.7762
29630 0.910 53.170710 -27.887530 1.0218 1.0328
29564 1.080 53.159050 -27.887580 0.3440 0.3716
30032 0.630 53.174450 -27.887510 0.8765 0.7308
29922 1.140 53.146450 -27.887230 1.4579 1.0925
30286 0.680 53.195930 -27.885480 1.0644 1.3626
30676 0.680 53.164460 -27.883470 1.3315 1.6953
30763 0.690 53.165470 -27.885330 1.1016 1.3338
30887 0.910 53.179240 -27.884620 0.9953 0.9482
31772 1.110 53.151810 -27.883910 0.3397 0.6158
31086 0.850 53.178130 -27.884900 1.1433 1.2023
31227 1.090 53.169980 -27.884800 0.9535 0.8958
31570 1.110 53.179470 -27.884620 -0.6597 -1.3066
31736 0.910 53.197030 -27.883870 1.4205 1.2097
31325 0.670 53.185810 -27.882850 1.1245 1.4614
31861 0.680 53.172680 -27.882670 1.1511 1.3586
32847 0.940 53.161470 -27.882070 1.0059 1.0193
30492 0.650 53.184350 -27.882790 1.2957 1.5224
32905 0.960 53.158370 -27.881670 1.1217 0.9190
32566 0.620 53.172810 -27.882220 1.0216 1.0321
32674 0.620 53.152950 -27.877290 1.2047 1.3437
32224 1.110 53.174390 -27.882210 0.8656 1.1341
33074 1.020 53.142700 -27.881440 0.5627 0.7918
32173 1.100 53.174370 -27.881630 1.0313 1.0787
33247 0.790 53.159680 -27.881160 1.5418 1.4449
32879 0.620 53.164940 -27.881430 1.3855 1.4902
33422 0.960 53.148200 -27.880820 0.4787 1.2080
33294 1.030 53.158670 -27.880190 1.0269 1.1424
33013 1.200 53.174320 -27.879630 1.1483 2.3465
32885 0.620 53.185910 -27.880390 0.9781 1.3084
33498 0.760 53.161760 -27.879840 1.5853 1.4131
33949 0.880 53.170330 -27.879080 1.0423 1.1062
34245 1.090 53.142810 -27.878910 0.9904 0.9529
34050 0.930 53.162410 -27.878940 1.6290 1.1691
34243 0.710 53.193240 -27.878510 1.0852 1.3337
33734 0.790 53.161080 -27.878510 1.3866 1.4942
34620 0.860 53.145330 -27.877490 -0.2934 0.5724
34880 0.820 53.192120 -27.877410 0.8104 0.9107
35116 1.090 53.166850 -27.876680 0.6962 0.8347
34128 0.730 53.158960 -27.877880 1.4129 1.3134
35134 1.070 53.156450 -27.876430 1.0248 1.2012
35692 0.940 53.174150 -27.875740 1.1185 0.8599
35657 1.120 53.174860 -27.875660 1.0295 0.8878
34457 0.790 53.146600 -27.876700 1.1336 1.3038
35783 0.630 53.187130 -27.875200 1.1178 3.1385
34803 0.650 53.183200 -27.876360 1.0639 1.2880
35989 0.740 53.143860 -27.875150 1.2934 1.0103
35993 0.990 53.185310 -27.875070 0.8811 0.7933
35255 0.680 53.181770 -27.875730 0.9502 1.2462
35929 0.770 53.176830 -27.875070 1.3600 0.9879
36026 1.090 53.190180 -27.875020 0.7466 1.1367
36213 0.910 53.165160 -27.874670 1.3616 1.5996
36001 0.930 53.167020 -27.874900 1.0679 0.8765
36172 1.110 53.175920 -27.874640 0.5487 0.6869
35589 0.810 53.165220 -27.874530 1.1735 1.3770
36385 0.670 53.186860 -27.874280 0.5386 0.6177
35579 0.970 53.186400 -27.874970 1.1495 1.2728
34789 1.100 53.179190 -27.874560 1.2002 1.5176
36277 0.780 53.151640 -27.874050 -21.1010 -3.8883
36084 1.070 53.189780 -27.874490 0.9755 1.0869
35475 1.230 53.194940 -27.874950 1.4813 1.3780
34821 1.040 53.165210 -27.873950 1.0514 1.0934
35762 0.710 53.148630 -27.873980 0.0658 -2.0930
36291 1.150 53.142890 -27.873810 nan nan
36110 0.620 53.172430 -27.873750 1.1680 1.3625
36143 0.780 53.177800 -27.873660 1.3023 1.1530
35878 0.640 53.175080 -27.873890 1.0971 1.1766
36121 0.780 53.173440 -27.865980 1.7488 1.7354
37959 0.900 53.180630 -27.869990 1.3512 1.3385
38744 0.680 53.153720 -27.869420 1.2032 1.4792
38053 0.690 53.158040 -27.869940 0.8271 1.1449
39130 0.610 53.159450 -27.868900 0.8391 1.0558
39177 0.960 53.186660 -27.868770 0.4896 1.1449
38417 0.790 53.186970 -27.869060 1.0592 1.1942
38571 1.120 53.163980 -27.868950 1.3118 1.2524
39266 1.030 53.163150 -27.868470 1.3270 0.9589
39235 0.920 53.166850 -27.868420 0.5696 1.0158
39752 1.050 53.161440 -27.867760 1.9252 0.8083
38350 0.780 53.153100 -27.868570 1.3826 1.2054
40048 0.680 53.156030 -27.867280 1.1484 1.4101
37429 0.780 53.150890 -27.868330 1.5845 1.5309
39116 0.640 53.166560 -27.867970 1.0243 1.2596
40063 0.650 53.162980 -27.866970 0.8257 1.0079
40117 0.700 53.181800 -27.866850 1.0286 1.1867
38854 0.660 53.178110 -27.868080 1.0724 1.4262
40564 0.890 53.185780 -27.866270 1.7266 2.4263
40286 0.860 53.153960 -27.866580 1.0574 0.8765
40163 0.910 53.179130 -27.866560 1.0202 0.9607
40243 0.930 53.185950 -27.866310 1.1992 1.0780
40565 0.680 53.161340 -27.865970 0.5749 1.0111
38769 0.890 53.173320 -27.867350 0.9261 0.9295
39835 1.130 53.178030 -27.866460 1.2174 1.3829
40295 0.660 53.164030 -27.865860 1.1807 1.3851
40899 1.100 53.180020 -27.865390 0.2546 0.5579
41078 0.840 53.180790 -27.865150 0.9912 0.9261
41075 0.710 53.169280 -27.865060 1.0991 1.2533
40488 0.670 53.168320 -27.865490 1.1714 1.3995
39503 0.850 53.173910 -27.865050 1.1543 1.4529
41338 0.760 53.189600 -27.864510 1.6017 1.1910
41327 0.910 53.182710 -27.864030 1.0808 0.7750
40875 0.950 53.176470 -27.864730 1.1173 1.2048
41807 0.700 53.156560 -27.863780 0.4740 0.6924
41822 0.930 53.160000 -27.863670 0.9950 1.0451
42022 0.710 53.193870 -27.863360 1.1938 1.6721
41615 0.660 53.174340 -27.863800 0.8034 0.6679
41299 1.200 53.170440 -27.863790 0.7483 1.2095
41677 0.700 53.169740 -27.863600 0.8658 1.1231
42425 0.770 53.152900 -27.862690 0.9980 1.0649
41994 0.730 53.203870 -27.862370 0.4609 0.8239
41478 1.130 53.196580 -27.863210 1.3043 1.4244
42277 0.900 53.175670 -27.862310 1.3061 1.3054
43202 0.880 53.199690 -27.861160 0.7481 0.8639
42395 0.910 53.170510 -27.862100 1.1469 1.2756
43170 0.750 53.156200 -27.860790 1.2388 0.9047
43079 1.230 189.182500 62.190570 0.5503 -1.0290
43909 0.870 53.157370 -27.859630 1.1958 1.1691
44204 1.080 53.165860 -27.858860 1.4376 1.1006
42894 0.850 53.178790 -27.859690 1.3218 1.3540
43803 1.220 53.194340 -27.859130 0.9959 1.4244
43698 0.770 53.185310 -27.859000 1.5796 1.2844
44843 0.950 53.187920 -27.857910 1.1723 1.0739
43478 0.840 53.190110 -27.859180 1.0885 1.1486
45022 0.800 53.168650 -27.857700 1.2564 0.8852
44047 1.230 53.153420 -27.858640 1.2389 1.2067
44627 1.000 53.169840 -27.857670 1.0787 0.6980
44738 0.680 53.202350 -27.857930 1.5442 1.8511
44893 1.120 53.191310 -27.857490 1.0250 0.9585
45223 0.680 53.197330 -27.857230 1.0665 1.5005
44769 1.220 53.193670 -27.857780 1.5048 1.3315
43997 0.640 53.161870 -27.858130 1.4676 1.6857
45502 0.690 53.167270 -27.856360 1.0405 1.3075
44581 1.100 53.156940 -27.856940 1.0347 1.3711
44163 0.670 53.153380 -27.857360 1.1252 1.3969
45314 0.680 53.165790 -27.856160 1.1021 1.3035
45410 1.080 53.195150 -27.855880 0.7935 1.2651
45997 0.670 53.175330 -27.855630 1.0321 1.3087
45919 1.110 53.186090 -27.855340 0.8551 1.0403
46498 1.050 53.204770 -27.854650 2.0728 1.2927
45727 1.000 53.162990 -27.855180 1.3558 1.4006
45462 0.850 53.176780 -27.855400 1.1744 1.2169
46284 0.690 53.163780 -27.854760 0.9930 1.1752
46520 1.230 53.166710 -27.853940 1.3273 1.6457
46988 0.750 53.203970 -27.853490 0.1522 1.0055
46037 1.230 53.188360 -27.853540 1.6322 1.3005
47448 0.940 53.154990 -27.853060 0.9681 0.6699
46562 0.660 53.164230 -27.853500 1.1537 1.2825
47883 0.930 53.172600 -27.852210 0.6976 0.8124
47324 0.950 53.175350 -27.852600 1.2346 1.1573
46479 1.110 53.164700 -27.853330 0.8236 0.9221
47990 0.620 53.199040 -27.851710 2.3100 3.4384
48182 1.210 53.196650 -27.851830 1.4357 1.3649
47469 0.940 53.173540 -27.852420 1.0338 1.0669
47996 0.920 53.205540 -27.851770 0.8039 0.6487
47997 1.210 53.197720 -27.851550 1.1121 1.7160
48126 0.740 53.160950 -27.851560 1.6996 1.0823
48447 1.070 53.160210 -27.850980 0.6477 1.5660
47029 0.790 53.204930 -27.851310 1.3044 1.1069
47488 1.190 53.196080 -27.851600 2.6462 1.3457
48934 0.620 53.192570 -27.850070 1.1940 1.2449
49165 1.030 53.166100 -27.849780 1.2198 1.1828
48857 1.210 53.164540 -27.849700 1.0240 1.1513
49434 0.750 53.192830 -27.849380 1.2712 0.7374
49366 0.950 53.170550 -27.849230 0.9856 1.0139
50298 1.170 53.160390 -27.847710 1.1220 1.0613
50348 0.800 53.176160 -27.847330 3.3596 3.9322
47740 1.090 53.161880 -27.845850 0.9897 1.2952
50261 0.920 53.199420 -27.846940 1.1076 1.1037
51293 0.770 53.163760 -27.845820 1.6186 2.3111
52034 0.860 53.170170 -27.845050 0.7336 0.4251
52096 0.950 53.149930 -27.844990 8.3658 0.9781
51522 1.120 53.184300 -27.844310 1.1954 1.0481
51533 1.180 53.176070 -27.844390 -2.4981 5.3082
52445 0.840 53.159100 -27.843840 1.0453 1.1055
52961 0.600 53.157630 -27.843550 0.7705 0.9224
52529 0.760 53.168650 -27.844020 1.2364 0.9796
52259 0.730 189.218700 62.206960 1.2243 1.1453
53700 0.790 53.168990 -27.842680 0.2525 0.0062
49771 0.610 53.176800 -27.840360 1.1034 1.1822
51356 0.630 53.156680 -27.843270 1.1063 1.2114
53632 0.870 53.202660 -27.842620 1.9873 1.0282
52204 0.620 53.187300 -27.843170 1.1469 1.0910
52774 0.610 53.159820 -27.841340 1.0681 1.1614
53691 0.640 53.189320 -27.842140 0.8510 0.8629
53743 0.880 53.169470 -27.842320 0.7317 0.5381
53588 1.000 53.187950 -27.842370 0.8589 1.3273
52481 0.840 53.169230 -27.842720 1.2978 1.5379
53811 0.880 53.182690 -27.842040 1.3447 1.3015
51976 0.840 53.204560 -27.842450 0.9587 1.0010
54056 0.660 53.156930 -27.841900 1.4266 1.2246
54150 0.660 53.176670 -27.841900 0.8711 1.7576
54227 0.690 53.164540 -27.841780 0.9565 0.8804
54232 0.630 53.150920 -27.841480 1.1002 7.0233
53650 0.740 53.152480 -27.841960 1.4056 1.2210
54666 1.030 53.205400 -27.841290 0.7426 1.1237
54742 0.920 53.205150 -27.841040 1.3156 0.9035
54005 0.610 53.176510 -27.841260 0.6314 0.6513
53248 0.780 53.186880 -27.841160 1.3240 1.1713
52945 0.630 53.203370 -27.841530 1.0526 1.2765
55759 0.890 53.167690 -27.839780 0.9821 0.6572
54809 0.740 53.175600 -27.840240 1.6475 1.2804
55736 0.650 53.192450 -27.839530 0.7013 0.8713
54631 0.830 53.175470 -27.839530 1.0154 1.1995
54553 0.780 53.177900 -27.839200 1.3644 1.2565
55951 0.900 53.199370 -27.839040 0.9452 0.9048
55145 1.080 53.195830 -27.839360 0.8504 1.1790
56362 1.090 53.182930 -27.838210 0.5620 0.8392
56391 0.930 53.197150 -27.838250 0.7807 1.2131
56575 1.130 53.185790 -27.838300 1.2101 1.4796
54922 1.230 53.158030 -27.838410 1.0612 1.0823
57258 0.900 53.157090 -27.837430 1.1581 1.3421
54977 1.060 53.189610 -27.838390 0.9403 1.1623
56602 1.220 189.182900 62.215710 2.6629 0.9867
56442 0.990 53.183930 -27.837950 0.8780 1.0283
55434 1.120 53.204330 -27.837640 1.1391 1.3165
57308 1.140 53.153970 -27.837210 0.8323 1.1364
56565 1.170 53.159470 -27.837110 1.4231 1.1140
57524 0.700 53.153870 -27.836580 1.3219 1.4272
57446 0.690 53.152160 -27.835110 1.0826 1.3725
57014 1.060 53.184560 -27.836040 1.1544 1.4977
57146 1.120 53.188570 -27.836450 0.8337 1.0123
57685 0.780 53.152480 -27.834320 1.4118 1.2728
58743 0.940 53.166580 -27.834550 2.2866 2.1318
59160 0.640 53.161280 -27.834200 1.4620 1.2566
58615 1.010 53.157930 -27.834270 1.1999 1.2644
59905 1.050 53.180220 -27.832950 3.3872 3.0429
58181 0.670 53.168020 -27.832510 1.3893 1.8793
59595 0.710 53.180270 -27.833110 0.8434 1.0275
59873 1.180 189.175100 62.220150 0.2357 1.2264
59792 1.120 53.154220 -27.832730 1.9622 1.3684
59586 0.890 53.157400 -27.832060 1.0349 1.0574
59571 0.980 53.158530 -27.831860 0.8686 0.9674
60438 1.080 53.204900 -27.831790 1.1185 1.0037
60709 1.200 53.190920 -27.831040 1.3084 1.2802
61078 1.060 53.185850 -27.830350 1.0795 0.9589
60555 1.180 53.180180 -27.829520 1.5740 2.0807
60722 1.080 53.203640 -27.830050 0.8809 1.9308
61413 1.130 53.170480 -27.829830 0.7301 1.1533
61235 1.130 53.188120 -27.827760 1.6033 1.8215
61980 1.000 53.197140 -27.829030 1.6938 0.2859
62188 0.630 53.196680 -27.828640 0.5430 0.7640
61598 0.780 53.187810 -27.828280 1.1507 1.1437
61447 0.920 53.185230 -27.827840 1.1778 1.4351
62122 0.600 53.191650 -27.828330 1.2684 1.2538
62528 0.700 53.189880 -27.826710 1.2399 1.6180
61172 0.660 53.164750 -27.824540 1.2854 1.7639
62841 0.660 53.161870 -27.827580 1.0285 1.9460
60296 0.660 53.160270 -27.825520 1.0990 1.4213
63360 0.890 53.163240 -27.826710 1.1086 1.2586
63098 1.080 53.201760 -27.826650 1.5281 1.3670
62788 0.610 53.179060 -27.825760 1.6327 1.6522
63339 0.680 53.165900 -27.826120 1.1499 1.5266
63612 0.650 53.155410 -27.826110 0.7948 1.2270
63861 1.100 53.200080 -27.825490 1.1370 0.8579
63902 0.830 53.161750 -27.824570 1.3995 1.7739
64376 0.680 53.174200 -27.824970 1.7061 2.7697
64503 0.850 53.172830 -27.824660 0.7940 1.2334
64393 0.750 53.154090 -27.824410 1.2329 1.0584
64963 1.200 53.181580 -27.823920 1.1592 1.1054
65246 0.620 53.149460 -27.823590 0.7749 0.8721
65179 0.750 53.190980 -27.823560 1.4760 1.1833
64797 0.680 53.168100 -27.823210 1.1355 1.3106
65335 0.700 53.153240 -27.822980 0.8971 1.4737
65620 0.970 53.164980 -27.819330 1.3817 1.6905
64769 0.770 53.158380 -27.822810 0.9164 0.7716
65539 0.880 53.153450 -27.822690 1.0599 -0.1649
65471 1.140 53.160530 -27.822690 0.8650 1.0909
65572 0.670 53.155880 -27.822220 1.2570 1.5342
65609 0.750 53.149680 -27.822280 1.6823 1.2556
65708 0.670 53.161080 -27.821910 0.9285 1.2603
65825 0.870 53.171730 -27.821790 1.1109 1.1895
66149 0.710 53.164040 -27.821640 0.6683 1.2719
65746 1.180 53.154380 -27.821490 1.1661 1.0226
66106 1.180 53.153770 -27.821520 -1.5371 -1.7922
66190 0.710 53.170470 -27.821610 2.6149 2.8581
65981 0.720 53.172630 -27.821430 1.3961 1.2683
66256 0.680 53.193210 -27.820220 1.4831 1.9735
66620 0.750 53.166080 -27.820550 1.7607 1.3904
66708 0.670 53.161710 -27.819260 1.2011 1.4200
66853 1.040 53.189060 -27.819820 1.2386 1.2279
67053 1.080 53.165860 -27.819050 1.7489 1.1322
67558 0.960 53.152590 -27.818420 1.3724 1.0267
67929 0.870 53.165470 -27.818310 1.1952 0.7673
67542 0.970 53.169910 -27.817850 1.2567 1.8167
67654 0.780 189.232100 62.234040 2.6377 2.1223
67996 0.820 53.169260 -27.817650 0.8218 1.0445
68115 0.690 53.175630 -27.817540 0.8213 1.1351
68104 1.140 53.191210 -27.817280 1.1205 1.1603
68033 1.140 53.167770 -27.816710 1.3876 1.4249
68241 0.600 53.162550 -27.817160 1.8487 1.5740
68414 1.030 53.168180 -27.816970 1.2666 1.1811
68854 1.190 53.175790 -27.816560 2.0346 1.4297
68918 1.110 53.166250 -27.816390 1.2721 0.8917
68841 1.100 53.164450 -27.815340 1.0981 1.3467
68675 0.670 53.174510 -27.814960 1.0808 1.2969
69044 0.950 53.172310 -27.815990 0.9950 0.7050
68944 0.660 53.203630 -27.816030 0.6196 1.1031
68982 0.820 53.154290 -27.815930 1.1969 1.3615
68852 0.750 53.178880 -27.815970 1.6389 1.1353
69170 1.100 53.164360 -27.815690 0.7471 0.5072
69168 0.710 53.173440 -27.815730 1.0309 1.2571
69341 1.140 53.150110 -27.815230 0.9886 0.8805
69260 0.680 53.175120 -27.815060 0.6358 1.8281
69713 0.690 53.151940 -27.814660 1.4078 1.3462
69686 0.900 53.153970 -27.814670 0.9549 1.2522
69234 0.990 53.195140 -27.813960 1.1336 1.0627
90791 0.660 53.114950 -27.767560 1.1703 1.5467
91095 1.000 53.136310 -27.763180 1.1944 1.4380
93128 0.940 53.108280 -27.767810 1.0898 1.0733
93102 1.230 53.100470 -27.767590 1.2257 1.2158
93370 0.660 53.113890 -27.767560 1.2829 1.7834
91651 1.010 53.137570 -27.763180 1.1794 1.4017
92455 0.710 53.118450 -27.767900 1.2505 1.5235
93627 1.150 53.109050 -27.767660 0.8878 1.0783
92959 0.900 53.130690 -27.767590 1.2312 0.9952
93992 0.970 53.107770 -27.767290 0.4227 1.0790
93808 0.770 53.128300 -27.767450 1.0041 1.2123
93946 1.070 53.120600 -27.766840 1.0714 1.5017
93923 0.920 53.107130 -27.767090 1.4184 1.3278
93811 0.940 189.367200 62.283250 1.0622 1.0234
94128 0.970 53.135620 -27.766620 1.1233 1.2355
95110 1.220 53.109420 -27.764090 1.8698 1.8136
94290 0.900 53.100650 -27.766730 0.8674 0.9611
94425 1.180 53.145440 -27.766740 0.9166 1.5225
94873 0.790 53.140710 -27.765890 0.8613 1.4424
94900 1.190 53.117590 -27.766190 0.8188 0.9935
93984 1.030 53.106930 -27.765440 1.1033 1.1362
94854 1.040 53.104700 -27.765900 0.8471 1.1055
94858 0.950 53.139510 -27.765950 1.0975 1.0256
95513 1.080 53.111170 -27.765220 0.8063 0.8993
95330 0.740 53.115630 -27.765180 1.5956 1.2864
95800 0.740 53.114160 -27.763770 1.3545 1.2566
96378 0.680 53.122560 -27.763650 2.0036 2.2063
96579 1.180 53.111660 -27.762890 0.4383 -0.2642
96907 0.900 53.104800 -27.762930 1.4087 1.7621
96671 0.620 53.107410 -27.762940 4.9600 1.0253
96778 0.750 53.107170 -27.762660 1.6741 1.0216
96942 0.750 53.107570 -27.762470 1.3076 1.1184
97043 0.620 53.137270 -27.762200 0.9506 0.8841
97327 1.140 53.096680 -27.762250 1.0917 1.1061
97487 0.950 53.130080 -27.761970 1.0576 0.9894
96494 0.660 53.144030 -27.761490 0.8201 1.5449
96737 0.730 53.116160 -27.760850 1.3936 1.2826
98384 1.100 53.130090 -27.759080 1.0833 1.4554
96481 0.650 53.125270 -27.759500 1.1254 1.4018
98046 0.610 53.114040 -27.760870 1.2211 0.9855
96927 0.670 53.098870 -27.760030 1.2343 1.3890
98242 0.660 53.125800 -27.760330 0.8049 1.0616
98198 0.830 53.144450 -27.760470 1.2536 1.4551
98698 0.850 53.111930 -27.757830 1.1922 1.3715
98703 1.200 53.109240 -27.759330 2.3422 2.3510
98849 1.120 53.122130 -27.759540 0.2106 0.0608
98951 0.760 53.122360 -27.759400 0.8604 0.9717
99129 0.970 53.121710 -27.758790 0.8372 1.4407
99252 0.770 53.102070 -27.758680 1.0776 1.0605
99275 1.070 53.111570 -27.758480 0.9052 1.0180
99381 0.930 189.258200 62.291690 0.8593 0.8758
99014 0.680 53.105250 -27.756650 1.0920 1.4050
97568 1.010 53.125260 -27.756530 1.1049 1.2255
99598 0.900 53.143480 -27.758090 1.6465 1.4664
99490 0.690 53.106590 -27.758040 1.1456 1.5023
99589 1.210 53.125150 -27.757360 2.1568 7.1969
100181 1.230 53.101260 -27.757320 1.6706 1.2672
99156 0.950 53.120420 -27.757020 1.0790 1.0858
99400 1.220 53.128560 -27.757240 0.8126 0.9961
100332 0.830 53.092760 -27.756950 0.7791 0.8875
100119 0.680 53.111320 -27.757010 1.1485 1.3131
100338 0.780 53.110960 -27.756400 1.7917 1.4574
100393 0.730 53.120940 -27.756010 1.1157 1.0662
100526 0.670 53.114860 -27.756060 1.2581 1.4390
100652 0.800 53.134560 -27.755820 0.8093 0.8857
101064 0.800 53.110690 -27.755490 1.3227 1.6789
100679 0.680 53.098260 -27.755860 1.1174 1.3667
100951 0.880 53.118380 -27.755340 0.9202 0.9949
100543 0.690 53.115620 -27.755190 1.1081 1.3025
100572 0.770 53.137160 -27.754180 1.3797 1.2347
99892 1.070 53.095100 -27.755100 0.8349 1.0677
101091 1.050 53.129080 -27.754550 1.0596 1.1581
101299 0.680 53.118600 -27.754650 0.9946 1.3369
101176 1.050 53.098350 -27.754720 0.9619 0.9177
101634 0.940 53.131160 -27.753830 1.0593 1.1187
101405 0.760 53.104750 -27.753340 1.3929 1.2579
101780 0.790 53.147710 -27.754000 1.1648 1.0688
101633 0.670 53.126850 -27.753830 0.8829 1.0081
101093 0.900 53.131770 -27.753580 1.0179 1.0608
101795 0.910 53.115450 -27.753530 0.9185 1.0536
101718 1.040 53.123450 -27.753150 1.6240 1.1857
102037 1.110 53.097120 -27.753410 1.1210 1.3566
102205 0.980 53.125050 -27.753150 1.1685 1.4306
102153 0.740 53.123770 -27.751990 1.3380 1.1725
102163 1.060 53.115250 -27.751590 0.9625 1.1944
102547 1.090 189.396700 62.297580 0.6421 0.1860
102708 0.880 53.108930 -27.751720 0.7665 0.8844
102735 0.660 53.145440 -27.750530 1.0760 1.3579
102957 1.000 53.129300 -27.751580 0.8493 1.3746
102847 1.130 53.100100 -27.751120 1.1894 1.2459
103107 0.930 53.136780 -27.751220 2.1521 1.3152
102027 1.060 53.119950 -27.750980 0.8274 1.1614
103116 0.960 53.105620 -27.750780 1.0470 0.9599
103421 0.860 53.141570 -27.750810 1.4927 1.4906
103422 0.800 53.107380 -27.749810 1.0000 0.9988
103683 0.720 53.118900 -27.749970 1.6986 1.3576
103811 0.950 53.114380 -27.749230 1.0473 1.0599
103982 1.200 53.131100 -27.749310 1.4104 1.1025
103969 1.210 53.139510 -27.749490 0.8740 1.5126
103877 0.940 53.118210 -27.749350 0.7384 1.3081
104125 1.080 53.121970 -27.748820 0.9367 1.1067
104150 0.950 53.118450 -27.748160 1.2194 1.4064
103918 0.910 189.412900 62.299560 1.0524 1.0330
104478 0.950 53.122220 -27.748620 0.9036 0.8603
104498 0.970 53.124670 -27.748390 1.3410 1.2610
104641 0.750 53.143620 -27.747920 1.0486 0.8253
104731 1.010 53.116070 -27.748290 1.0217 0.8149
104622 0.670 53.135030 -27.748010 1.2771 1.4119
104801 0.720 53.144840 -27.748130 2.0970 1.6163
104868 1.010 53.114780 -27.747480 1.3845 1.2976
104514 0.920 53.105680 -27.747700 0.9383 0.9390
104408 0.730 189.377800 62.301360 1.5264 1.1956
104981 0.960 53.134220 -27.747710 1.1017 1.0521
105016 0.740 53.097320 -27.746650 1.3529 1.2170
105328 1.050 53.133330 -27.746550 1.3961 1.0230
104446 0.840 53.137130 -27.746580 0.9233 0.9686
105400 0.780 53.093060 -27.746520 0.8112 0.4546
105522 0.660 53.094430 -27.745870 1.0164 1.3154
105622 0.610 53.136670 -27.746500 0.5614 0.9278
105547 0.610 53.137590 -27.743510 1.4123 1.6640
105570 0.920 53.130530 -27.746170 0.7304 0.9594
107060 1.220 53.129550 -27.742590 1.2578 0.9888
105980 0.680 53.145350 -27.744600 1.2334 1.6496
106026 0.750 53.145530 -27.745190 1.3220 1.1493
106132 0.640 53.131920 -27.745200 0.9088 1.2091
106073 1.050 53.146400 -27.744310 1.1584 1.1474
105015 0.610 53.139280 -27.744750 0.9905 1.0499
106061 0.730 53.092430 -27.744570 1.8675 1.3754
106446 0.670 53.123300 -27.744800 2.1495 2.1163
106606 0.700 53.121300 -27.743920 1.0817 1.1416
106641 0.910 53.102760 -27.744190 0.9305 0.9882
104516 1.220 53.129070 -27.743040 1.4485 1.3131
107136 0.940 53.107350 -27.741930 1.1387 1.2377
106953 0.670 53.115720 -27.743590 2.9405 2.4794
107052 1.050 53.117190 -27.743370 1.0375 1.0647
107208 1.220 53.097180 -27.742250 1.3335 1.3588
107055 0.870 53.102170 -27.743430 1.1740 1.1043
107036 0.610 53.144870 -27.743420 1.2806 1.3114
106993 0.910 53.101160 -27.743080 1.0830 0.9202
106067 0.780 53.094100 -27.740510 1.4361 1.3219
107111 0.620 189.281700 62.304910 -0.8810 -11.2982
107670 1.120 53.132230 -27.741890 0.8592 0.8518
107680 0.920 53.138420 -27.742240 1.9280 1.5573
107823 0.940 53.107290 -27.741080 0.9826 1.1023
107668 0.730 53.135270 -27.742080 1.3372 1.5213
106859 0.730 53.096510 -27.739680 1.4691 1.2914
107776 0.630 53.100810 -27.741460 -1.6436 -0.3287
107858 0.810 53.140220 -27.741650 1.7194 2.5340
107863 1.010 53.100850 -27.740670 1.1435 1.2866
108274 0.790 53.114510 -27.738160 1.1898 1.1291
108028 1.090 53.138980 -27.741070 1.1810 2.0802
107997 0.940 53.119270 -27.740900 0.6115 0.7635
108145 1.080 53.101050 -27.740870 0.9640 0.7396
107754 1.060 53.130560 -27.740930 0.9544 0.7194
108174 0.690 53.146460 -27.740800 2.0767 2.3077
107778 0.980 53.141690 -27.740850 1.1145 1.0575
108366 1.070 53.147930 -27.740480 0.9730 1.1387
108336 1.190 53.104610 -27.740440 1.1616 1.1245
108456 1.080 53.141610 -27.738600 0.9904 1.0887
108510 0.930 53.147720 -27.739200 1.2443 1.3394
108716 0.840 53.099600 -27.739250 1.0529 0.9818
108147 0.620 53.130540 -27.738610 1.7777 1.8514
108561 1.080 53.103770 -27.739210 0.7391 1.0581
108874 0.910 53.099620 -27.738850 1.0444 0.7526
108620 0.900 53.147300 -27.739240 1.3159 1.0306
108322 1.210 53.147250 -27.738670 1.0580 1.0633
108779 1.140 53.118560 -27.738680 1.1677 1.3045
109264 0.820 53.102580 -27.738240 0.7826 1.0851
109091 1.220 53.147270 -27.738400 1.0555 -0.5468
109250 0.920 53.100830 -27.737880 0.9833 1.2707
108922 0.640 53.138210 -27.737520 1.3208 1.5340
109043 0.690 53.139270 -27.738000 1.2294 1.5149
109396 0.740 53.093160 -27.737730 1.3214 1.1724
109107 1.130 53.136470 -27.737700 1.1411 1.1394
109422 1.160 53.138990 -27.737590 1.1048 0.9289
109167 0.890 53.141680 -27.736680 1.2062 1.2874
109151 0.670 53.140920 -27.736120 1.2640 1.7783
109438 0.690 53.143480 -27.737160 1.2437 1.3869
109609 0.700 53.114120 -27.736950 0.8795 0.4291
109596 0.740 53.145930 -27.736680 1.9624 1.3768
109824 0.750 53.113600 -27.735270 1.5101 1.2685
110198 0.720 53.141860 -27.735610 0.9955 1.0084
109889 0.680 53.138920 -27.736140 1.3122 1.5672
110235 0.900 53.133100 -27.735430 0.7145 0.8125
109900 0.730 53.112810 -27.734630 1.3216 1.1213
110215 1.060 53.136850 -27.734980 0.9038 1.1484
109794 0.670 53.143110 -27.730590 1.2296 1.5638
110258 0.900 53.139440 -27.734710 1.0851 1.1052
110892 0.630 53.101560 -27.734210 0.9970 1.1622
110712 0.840 53.134920 -27.734230 0.9508 0.8882
110397 0.900 53.144070 -27.734600 1.2077 1.2237
110962 1.030 53.132150 -27.734020 0.9032 1.3060
111055 1.220 53.137600 -27.733790 1.5844 1.1349
111194 0.730 53.133820 -27.733130 1.5039 1.1889
111151 0.610 53.116720 -27.732610 0.9831 1.0148
110733 0.950 53.099190 -27.733100 1.1900 1.3736
110870 0.670 53.125100 -27.729790 1.1018 1.3595
110765 0.930 53.143820 -27.733220 0.8095 1.2349
111122 0.940 53.137230 -27.733000 1.1454 0.8469
110487 0.970 53.141120 -27.732660 1.4563 1.7572
110664 1.060 53.098430 -27.732670 0.9161 1.3289
111806 0.850 53.139140 -27.731760 0.9292 1.1463
112386 0.830 53.146010 -27.730710 0.9169 1.0564
112614 0.780 53.112650 -27.730160 0.7460 1.7530
111700 0.970 53.133940 -27.730520 1.1243 1.2937
112746 0.710 53.144520 -27.729880 1.0365 2.1808
112745 1.030 53.145530 -27.729750 1.0698 1.1215
112747 0.940 53.099460 -27.729690 0.1164 0.0344
112789 0.660 53.106110 -27.724320 1.2844 1.7281
112840 1.040 53.134730 -27.729400 1.0536 1.2602
112989 1.130 53.118690 -27.728750 1.1168 1.4072
113107 0.890 189.378300 62.314530 0.7164 0.4087
113169 1.120 53.102240 -27.728420 1.3686 1.0791
113409 0.680 53.106300 -27.727950 0.9622 1.2605
112943 0.730 53.104420 -27.728510 1.4206 1.3197
113730 1.200 53.140740 -27.727580 1.0611 1.3965
113558 1.230 53.147450 -27.727690 3.4181 1.7065
113482 0.700 53.131020 -27.727760 1.0365 1.2876
113434 1.110 53.092300 -27.727520 1.0427 1.4281
113184 0.790 53.118020 -27.727930 0.9791 1.2117
113815 0.710 53.092290 -27.727120 1.2550 1.4046
113919 1.190 53.103740 -27.727150 1.0730 1.2674
114024 0.760 53.133340 -27.726830 1.6098 1.3251
114244 1.050 53.139930 -27.726240 1.0405 0.8997
112827 0.950 53.141040 -27.726180 1.1886 1.1919
113361 0.660 53.113240 -27.726630 1.1287 1.5272
113895 1.210 53.108010 -27.725740 -0.0460 0.9522
113877 1.230 53.107880 -27.726220 1.3941 1.2284
114960 0.930 53.102800 -27.725240 1.0178 1.4956
115288 1.050 53.130940 -27.723380 1.2060 1.5598
114108 0.730 53.095890 -27.725410 1.9131 1.7717
113555 0.730 53.114880 -27.725390 1.4487 1.2340
115210 1.150 53.093270 -27.724510 -12.7915 -0.0201
115491 0.730 53.138720 -27.724350 1.3122 0.8540
113375 1.070 53.132690 -27.724840 1.1052 1.9247
114998 0.750 53.114050 -27.724440 1.3189 1.2766
116185 0.930 53.133200 -27.723080 0.9434 0.5789
115761 0.670 53.105790 -27.723530 1.8857 1.4717
114932 0.800 53.094090 -27.723820 0.8948 0.7984
116364 0.840 53.115480 -27.722850 3.0956 2.0238
116124 0.750 53.114730 -27.723000 1.3035 1.0962
115331 0.730 53.094720 -27.723570 1.3485 1.1836
115683 0.620 53.118290 -27.723210 0.8521 0.8426
115928 0.880 53.110110 -27.723050 0.7647 0.5242
115775 1.110 53.130470 -27.723100 0.8479 1.1420
116174 0.660 53.146590 -27.722580 1.3480 1.7505
115446 1.170 53.125300 -27.721950 1.3996 1.4009
116423 0.620 53.097180 -27.722400 1.1115 0.6017
115877 1.090 53.109920 -27.722650 0.8491 0.9896
116154 1.100 53.109060 -27.722400 0.9429 0.9816
116507 1.210 53.116740 -27.722150 0.8176 1.1119
115462 0.640 53.097520 -27.721270 1.1480 1.2878
115794 1.040 53.128100 -27.721500 1.1084 1.2371
116157 1.090 53.124470 -27.721590 0.9960 1.1662
116349 1.190 53.108260 -27.721930 -5.3909 -11.5655
117560 0.670 53.120790 -27.720480 0.9190 1.2011
116724 0.680 53.128730 -27.721140 1.2316 1.6156
117548 1.110 53.110730 -27.720080 0.7196 1.1514
117748 0.680 53.126730 -27.720060 0.4603 0.8771
117225 0.970 53.108200 -27.720150 1.4598 1.7664
117770 1.070 53.119380 -27.719760 0.9862 1.2914
118182 0.620 189.330900 62.322280 -0.7043 -1.4550
117865 1.040 53.130040 -27.719550 1.0556 1.2463
117575 0.630 53.125040 -27.719820 0.9343 0.9940
117222 0.670 53.122570 -27.719730 0.9465 1.2023
118077 1.130 53.124440 -27.719190 0.7655 2.0999
116284 1.120 53.112880 -27.719910 1.0322 1.0644
118171 0.930 53.096800 -27.719070 1.2559 1.4176
117997 0.680 53.111220 -27.719270 0.9674 1.2384
117790 0.680 53.136510 -27.719180 1.1698 1.3971
118014 0.950 53.098680 -27.719090 0.9633 0.9540
118251 0.940 53.112730 -27.718720 1.0980 1.3331
117066 0.730 53.142560 -27.719140 1.2484 1.0860
118024 1.220 53.146900 -27.718680 1.6907 1.7871
118155 0.870 189.325700 62.322650 1.2745 0.9756
119137 0.840 53.146690 -27.717650 1.0891 1.3734
119164 0.900 53.111620 -27.717320 1.8224 1.3739
119076 0.650 53.121260 -27.717480 1.2378 1.4010
119260 0.690 53.101060 -27.717260 1.3504 1.6742
118925 0.740 53.145720 -27.717370 1.5222 1.5024
118459 0.680 53.095250 -27.717270 1.0711 1.2368
119747 0.730 53.108340 -27.716400 1.8470 1.6187
119880 1.050 53.099900 -27.715800 0.5209 0.8237
119470 1.040 53.097800 -27.716070 1.2321 1.1848
119278 0.910 53.103180 -27.716060 1.1439 1.4265
119016 1.100 53.120910 -27.715390 0.9508 1.2211
119873 0.910 53.147720 -27.715600 0.9585 1.0052
120439 0.760 53.103540 -27.714960 0.7269 0.8816
119504 0.950 53.112590 -27.715660 1.1286 1.1576
120415 0.940 53.123330 -27.714900 2.4622 1.0557
120445 0.910 53.134790 -27.714880 1.6386 1.4846
120466 1.070 53.095970 -27.714760 1.2577 0.9388
120644 0.890 53.142700 -27.714310 1.1756 0.9853
120099 1.060 53.124950 -27.714590 0.9750 1.1006
120725 0.910 53.095820 -27.714170 0.8095 0.9326
120798 0.860 53.134880 -27.714040 1.7438 1.4179
120950 1.000 53.107020 -27.713760 0.6978 1.0598
120859 0.940 53.135300 -27.713790 1.0024 0.8948
120926 1.060 53.105650 -27.713720 1.5577 1.7214
121473 0.620 53.131700 -27.712980 -1.5666 180.0156
121302 0.670 189.337200 62.332310 1.1587 1.4619
121574 0.670 53.113720 -27.712830 0.3816 1.4857
121785 0.700 53.092640 -27.712410 1.1087 1.1577
120845 0.940 53.107380 -27.713260 1.2001 1.4959
120898 1.120 53.107700 -27.712800 1.0906 1.1775
121678 1.080 53.117980 -27.712310 0.5102 0.4778
121911 0.680 53.104970 -27.712010 1.1775 1.1923
121405 1.100 53.122070 -27.712450 1.0436 1.2099
108892 0.980 53.077930 -27.736880 1.2827 1.4714
109511 0.910 53.073020 -27.737120 1.0033 1.1539
109766 0.940 53.059510 -27.736050 1.0192 1.0536
109435 0.650 53.082660 -27.737160 1.1888 1.2897
109019 0.950 53.068920 -27.736970 0.8801 0.9433
109770 1.000 53.057170 -27.736600 0.9817 1.1004
110170 1.030 53.080290 -27.735900 0.9938 0.9795
109872 0.720 53.075710 -27.736090 1.4599 1.1894
110187 0.750 53.050660 -27.735790 1.5789 1.4205
109885 0.740 53.071330 -27.735480 1.6434 1.5893
110031 0.780 53.040740 -27.735770 1.3884 1.1425
109948 0.780 53.040110 -27.735930 1.5521 1.2588
109992 1.020 53.080630 -27.735850 1.2087 1.3306
110400 0.670 53.049500 -27.735030 1.0955 1.0096
110493 0.760 53.073190 -27.734840 1.5080 1.3297
111741 1.110 53.045460 -27.728630 0.9445 1.1759
111108 0.780 53.088460 -27.733820 0.9655 0.7456
110065 1.020 53.069290 -27.734250 1.0641 1.0572
110950 0.740 53.090120 -27.733910 -1.4562 0.0542
110891 0.750 53.078180 -27.733450 1.3812 1.1864
111492 0.740 53.063880 -27.732680 1.1980 0.8638
110801 1.100 53.062030 -27.732860 1.0005 1.2343
111030 1.050 53.042570 -27.733020 1.1835 1.1356
111366 0.630 53.045480 -27.732850 0.9660 0.9758
111622 1.220 53.084120 -27.732290 1.8461 0.8511
111901 0.640 53.075420 -27.731570 -22.9096 -7.5337
109886 0.640 189.332700 62.310280 0.9690 1.0050
111556 0.680 53.085210 -27.732020 0.9828 1.4106
110795 1.210 53.049250 -27.732010 1.1025 0.6845
112095 1.000 53.041580 -27.731100 0.9010 1.5568
111643 0.720 53.050800 -27.731430 1.5132 1.4569
112881 0.960 53.065110 -27.729700 1.2894 0.8398
112960 1.020 53.048550 -27.729460 1.3319 1.8616
112927 0.870 53.051200 -27.729280 1.2445 1.0178
112133 0.750 53.073990 -27.729500 1.4098 1.1654
112457 0.970 53.039490 -27.729480 1.2733 1.4552
113548 1.100 53.070300 -27.727870 0.6061 1.0087
113364 1.080 53.062080 -27.728090 1.0954 1.2399
113474 0.880 53.051750 -27.728000 1.5185 1.3432
113842 0.740 53.070840 -27.727330 1.2899 0.8604
113279 0.640 53.075520 -27.727750 1.1306 1.1995
113434 1.110 53.092300 -27.727520 1.0427 1.4281
113685 0.960 53.044020 -27.727460 1.0383 1.0372
113298 1.080 53.041830 -27.725870 1.0030 1.4598
112093 1.040 53.042330 -27.726210 1.3628 1.5642
113815 0.710 53.092290 -27.727120 1.2550 1.4046
114057 0.740 53.050960 -27.726910 1.5981 1.6997
114298 0.740 53.069140 -27.726570 1.5490 1.2345
114077 0.700 53.076020 -27.726800 3.4630 2.7788
114115 0.650 53.061450 -27.726740 1.1927 2.3188
113678 0.980 53.061180 -27.726960 1.1415 1.2798
112617 1.100 53.039390 -27.726630 0.9038 1.1400
114779 0.760 53.070760 -27.725260 0.7230 0.6548
114230 1.080 53.042170 -27.725930 0.9761 1.4631
114221 0.650 53.055110 -27.725770 1.0395 1.3579
115024 1.150 53.046170 -27.725090 1.2780 1.4579
115210 1.150 53.093270 -27.724510 -12.7915 -0.0201
114657 1.230 53.045640 -27.724930 1.4219 1.2995
114644 0.750 53.063400 -27.725000 1.3045 1.1694
115258 1.120 53.041670 -27.724330 0.6909 0.7733
115449 0.770 53.051370 -27.724160 1.3359 0.9861
115589 0.810 53.066030 -27.723640 1.2739 1.5866
114978 0.710 53.054710 -27.723820 7.0222 2.7057
115319 0.730 53.070690 -27.724110 1.5196 1.3852
115544 0.910 53.058180 -27.723700 1.0499 1.1720
114932 0.800 53.094090 -27.723820 0.8948 0.7984
116260 1.000 53.063660 -27.722950 0.9319 1.6965
115422 0.640 53.070820 -27.723750 0.8206 0.8991
115684 1.160 53.056280 -27.723210 1.0972 1.4953
115331 0.730 53.094720 -27.723570 1.3485 1.1836
116031 0.620 53.063490 -27.720270 1.1284 1.1224
116370 1.090 53.062030 -27.722030 1.0508 1.0621
117202 0.640 53.039090 -27.721120 0.8536 0.5212
117116 0.780 53.075150 -27.721110 1.2071 1.0460
117376 1.010 53.082200 -27.718190 1.1682 1.3584
116653 0.740 53.077630 -27.721490 1.5428 1.2824
117002 1.040 53.055890 -27.721100 0.9814 0.8879
116802 0.670 53.091080 -27.720700 0.8518 1.1242
117521 0.640 53.090490 -27.720320 1.2407 1.4020
117714 0.910 53.061650 -27.720020 1.4295 0.9140
117864 0.960 53.072560 -27.719860 0.6433 0.5434
117333 0.940 53.070960 -27.719950 1.2782 1.7286
116765 1.010 53.048110 -27.720190 1.1511 1.4598
117686 0.680 53.076050 -27.719710 1.0971 1.3283
117648 0.750 53.056760 -27.719510 1.3734 0.9651
117138 0.640 53.072350 -27.718690 1.1181 1.1961
117725 0.750 53.040440 -27.713370 1.5336 1.4417
118196 1.220 53.087300 -27.718460 1.0670 1.1031
118438 0.740 53.063210 -27.718290 5.2540 1.4933
117429 0.640 53.071430 -27.717580 1.1011 1.2065
117608 0.640 53.081630 -27.717720 1.4067 1.8464
118434 1.130 53.049690 -27.718130 1.3049 1.4173
118687 0.750 53.071790 -27.717880 0.4376 7.4818
118673 0.740 53.091410 -27.717610 1.3103 1.1068
118193 1.170 53.073140 -27.718190 2.2412 3.6600
118660 1.220 53.064400 -27.717720 1.4533 1.1642
118772 1.060 53.051190 -27.717210 0.9516 1.0082
118448 0.660 53.069290 -27.717550 1.0743 1.2550
119341 0.740 53.070030 -27.716600 1.0944 1.0485
118526 0.640 53.073530 -27.717390 1.0345 1.1722
119722 1.110 53.061410 -27.716190 1.0647 0.8386
119493 1.060 53.058680 -27.716360 0.7215 1.1496
119612 1.010 53.079780 -27.716200 1.0790 1.1262
120268 1.040 53.062540 -27.715320 1.0511 1.1060
120286 0.940 53.056370 -27.715270 0.6288 0.3482
119893 1.090 53.080640 -27.715700 1.7086 3.7263
119951 1.140 53.061000 -27.715600 1.5594 1.7759
119997 0.730 53.044430 -27.715420 1.7234 2.6528
118455 1.030 53.059860 -27.716270 1.1757 1.4119
119088 0.640 53.073420 -27.715950 1.1301 1.2488
119666 1.000 53.056510 -27.715670 1.1272 1.3131
119744 0.740 53.041210 -27.715130 2.3540 2.7540
119193 0.780 53.057750 -27.713590 1.4146 1.2889
119702 1.060 53.057250 -27.715320 0.9803 1.0541
120576 0.770 53.091550 -27.714400 1.3701 1.0882
120689 0.610 53.069950 -27.714540 2.6118 1.2777
119927 0.730 53.040410 -27.715390 1.0708 1.0341
120095 0.770 53.059120 -27.715270 2.2400 1.9762
119489 0.630 53.055120 -27.711380 1.0994 1.2040
119774 0.810 189.395500 62.326780 1.0216 1.2700
120843 0.720 53.043400 -27.714290 1.8472 2.1553
119960 0.630 53.044110 -27.714980 1.1982 1.3468
121020 0.690 53.054240 -27.713660 1.4462 1.5778
120229 0.750 53.045150 -27.714340 1.3587 1.2396
120967 1.020 53.089240 -27.713870 0.8404 0.9387
120840 0.720 53.067670 -27.713850 1.4284 1.3208
120441 0.700 53.041850 -27.714300 1.4861 2.1005
120559 0.740 53.040180 -27.713880 1.5684 1.2726
121011 1.200 53.061650 -27.713560 1.4252 1.2305
121095 1.040 53.079240 -27.711870 1.2518 1.4462
120974 1.200 53.077310 -27.713130 1.3606 0.9667
121350 1.220 53.088680 -27.712800 0.7248 1.0140
121149 0.620 53.054880 -27.713190 0.9275 1.0425
121195 0.650 53.078030 -27.712960 0.7457 1.0683
121785 0.700 53.092640 -27.712410 1.1087 1.1577
120803 0.610 53.074780 -27.712810 1.0032 1.1598
121904 0.750 53.049960 -27.711930 1.3166 1.0378
121733 0.690 53.039910 -27.711630 1.1053 1.2659
121864 0.740 189.402500 62.335010 1.2733 1.0512
122108 0.750 53.061670 -27.711680 1.2226 1.1775
122099 0.750 53.085140 -27.711540 1.5109 1.1198
121506 0.690 53.084940 -27.711870 1.1359 2.2929
121227 1.200 53.059630 -27.711910 1.3255 1.2155
122206 0.910 53.085710 -27.711340 0.8499 0.9402
121974 0.670 53.091860 -27.711640 0.9707 1.3156
122039 0.920 53.083780 -27.711260 1.2273 1.4356
121718 0.730 189.376800 62.333110 1.3851 1.0786
121837 0.910 53.078870 -27.711740 1.0249 1.1069
122404 0.740 53.089610 -27.710900 1.3535 1.3843
122309 0.810 53.084200 -27.710640 0.8472 1.2738
122854 0.660 53.087810 -27.710180 1.8224 2.2362
121967 0.730 53.039160 -27.710030 1.5102 1.4734
122421 0.730 53.063650 -27.710250 1.6813 1.7259
122929 0.960 53.092450 -27.709810 0.9770 0.9417
122646 0.750 53.085080 -27.710100 1.3268 0.9008
122600 1.040 53.058240 -27.709950 0.6852 0.7225
122735 0.600 53.057280 -27.710190 1.0759 1.2271
122913 0.670 53.090380 -27.709510 0.9293 1.2323
122961 1.220 53.053140 -27.709500 1.4737 1.5027
123390 0.770 53.043000 -27.708880 2.5819 -3.8996
122710 0.850 53.061170 -27.709310 1.1942 1.2422
123008 0.640 189.372800 62.336040 1.1655 1.1507
123168 0.760 53.039780 -27.709050 1.8306 1.7055
122449 0.770 53.089260 -27.708660 1.4746 1.3705
122766 0.620 53.071760 -27.708440 1.0631 1.0837
122949 1.210 53.049760 -27.708710 1.4689 1.5187
123802 1.220 53.079710 -27.707810 1.3136 1.3742
123236 1.010 53.091050 -27.708230 1.1640 1.5634
123533 1.200 53.045450 -27.707820 1.3836 1.3700
123066 0.730 53.050810 -27.707510 1.4012 1.3393
123779 1.080 53.091820 -27.707130 0.9264 1.0767
124313 0.640 53.090130 -27.706730 0.7932 0.9801
124266 0.700 53.066180 -27.706510 9.5500 12.6722
124410 0.750 53.086030 -27.706580 1.4157 1.2606
124741 0.740 53.078580 -27.706050 0.1838 0.1418
123543 1.110 53.078600 -27.707430 0.8634 1.0667
124606 0.610 189.347800 62.340240 0.7853 0.8469
123472 1.040 53.093060 -27.707370 1.2940 1.4794
123477 0.640 53.089890 -27.706540 1.1170 1.2136
124152 0.830 53.063390 -27.706960 1.1329 1.3091
124248 0.900 53.072330 -27.706130 1.1860 1.0021
124945 1.020 53.079930 -27.705330 1.0571 1.1237
125699 0.600 53.070420 -27.703920 1.3243 1.1585
125541 1.010 53.091000 -27.703850 1.0145 1.0217
126193 0.730 53.070980 -27.703060 0.9171 0.8536
124964 1.030 53.091510 -27.703900 1.1482 1.2794
125733 1.090 53.084790 -27.703090 0.8674 0.9206
126281 1.220 53.093450 -27.702480 1.2418 1.0620
125828 1.170 189.338500 62.344120 -21.1274 -1.3988
126415 0.780 53.047410 -27.701820 1.3709 1.3950
126934 0.940 53.086000 -27.701220 1.1531 1.1706
127195 0.980 53.052480 -27.700650 0.0230 -0.3607
126769 0.820 53.076160 -27.701150 1.0623 1.2528
126762 1.040 53.082370 -27.701110 1.4696 1.4759
126750 0.670 53.069330 -27.700680 0.9085 0.9825
126365 0.640 53.074840 -27.701080 1.3430 1.5901
127226 0.670 53.061780 -27.699200 1.3800 1.8858
127541 1.030 53.052840 -27.699330 1.4224 1.3391
128062 0.870 53.075530 -27.698750 1.3852 1.0724
126958 0.710 53.044900 -27.696010 1.1439 1.4731
128352 1.010 53.081150 -27.697850 0.8602 1.0357
128313 0.670 53.094080 -27.697800 0.9677 1.1329
126790 0.980 53.078950 -27.697730 1.0524 1.2530
128198 1.020 53.081010 -27.697900 1.5519 0.3899
128268 1.020 53.052180 -27.697900 0.6163 0.7688
128379 0.650 53.047820 -27.697180 1.8561 2.4282
127741 0.750 53.056090 -27.697180 1.3689 1.1161
128541 1.160 53.091840 -27.696690 1.2601 1.4245
128510 0.730 53.084470 -27.695720 1.4410 1.3405
129369 0.910 53.069520 -27.695640 1.1167 1.1734
129605 1.070 53.069640 -27.695280 0.7730 0.8364
129968 0.610 53.049390 -27.694310 1.0571 1.0420
129047 0.750 53.079830 -27.693410 1.5197 1.7750
130087 0.610 53.047270 -27.693330 1.0409 1.0699
130387 0.830 53.073160 -27.693170 1.0609 1.2210
130552 0.720 53.071220 -27.691960 1.4331 1.1419
130877 0.670 53.089190 -27.692180 1.0391 3.0439
131112 1.030 53.063290 -27.691870 1.5735 1.2962
131165 1.060 53.074630 -27.689640 1.1599 1.5106
130885 0.920 53.059210 -27.691320 0.8919 1.0737
131467 0.610 53.071490 -27.691030 0.9172 0.9324
131381 0.930 53.063000 -27.691070 1.1858 1.1767
131724 0.620 53.070210 -27.689560 1.0910 1.1500
131864 0.750 53.060420 -27.689490 1.3659 1.1181
131938 1.040 53.071310 -27.689440 1.2216 1.1556
131716 1.110 53.065420 -27.687850 0.9676 1.1134
132474 0.690 53.086500 -27.687490 1.0693 1.3291
133150 1.140 53.088140 -27.685180 1.2217 1.3941
132786 0.690 53.078060 -27.686820 2.2242 2.2563
133306 0.680 53.081040 -27.687010 0.9121 1.0844
133586 0.740 53.094680 -27.686450 1.3935 1.1405
133694 0.660 53.083430 -27.684510 1.4016 2.0253
133763 1.110 53.092330 -27.685620 0.9473 1.1882
134044 1.110 53.077610 -27.685200 0.9725 1.3427
134467 0.990 53.090370 -27.685010 0.9276 1.4287
133802 1.130 53.077730 -27.683880 1.2322 1.2817
134389 0.920 53.085450 -27.683030 1.1245 1.1195
134787 1.080 53.090260 -27.682260 0.9637 1.1936
135692 0.740 53.081650 -27.682990 2.0360 1.2472
8941 0.930 53.178320 -27.931510 1.0447 1.1922
9382 0.980 53.144010 -27.928780 1.1727 1.2762
10075 0.830 53.166280 -27.929970 0.9363 1.3998
9343 0.640 53.172900 -27.928910 1.0824 1.1364
10429 0.740 53.160980 -27.929120 2.1114 1.3765
10465 0.960 53.148590 -27.929020 0.9566 1.0919
10810 0.650 53.135190 -27.928380 1.2123 1.5613
10593 0.860 53.148190 -27.928860 1.0083 1.0710
11099 0.740 53.178620 -27.928130 1.6663 1.0624
11488 0.830 53.139010 -27.927040 1.4794 1.3033
12062 1.040 53.158840 -27.925240 1.2398 1.1714
12230 1.180 53.172620 -27.926140 1.0528 1.0001
9378 0.690 53.179340 -27.923600 1.1555 1.5236
12350 0.820 53.151700 -27.925680 1.0795 1.2225
11507 0.690 53.182750 -27.925010 1.0918 1.3473
12378 0.670 53.137950 -27.923830 1.3488 1.8507
12457 0.680 53.170520 -27.924230 0.9781 1.2096
13011 0.620 53.181460 -27.924430 0.8881 1.1457
12949 0.620 53.176660 -27.923990 1.3349 1.4095
12926 0.700 53.172270 -27.924400 0.7828 0.5216
13283 0.800 53.160560 -27.923020 1.2446 1.3013
13988 1.200 53.160840 -27.922050 1.3087 0.8873
13732 0.690 53.175470 -27.922370 0.8194 1.0602
14093 0.800 53.171680 -27.921840 0.9063 1.1177
14405 1.090 53.156930 -27.921330 1.0144 1.2055
14386 0.670 53.139740 -27.920450 1.1777 1.4485
13986 0.610 53.172090 -27.920530 1.2810 1.5137
13856 0.950 53.184810 -27.920430 1.1327 1.1097
14215 0.850 53.145640 -27.919770 1.1975 1.3426
13499 1.010 53.169840 -27.918150 1.1592 1.3403
14958 1.220 53.139920 -27.920110 1.1128 1.1360
14555 0.630 53.177960 -27.917690 1.3621 1.6256
15281 0.970 53.144060 -27.919440 0.8853 1.0131
15336 0.880 53.145660 -27.919110 0.9172 0.8527
15324 1.060 53.182110 -27.919280 0.6671 0.8966
15513 0.940 53.168960 -27.918980 4.2764 1.5824
15093 1.200 53.184770 -27.918460 1.1777 1.1847
14990 1.060 53.174070 -27.918450 1.0965 1.5212
15793 1.230 53.151900 -27.918210 1.0756 1.0209
15868 0.670 53.141550 -27.918050 1.5237 2.0290
16039 1.060 53.167370 -27.917350 0.6178 1.0214
15921 0.910 53.177620 -27.917390 1.2750 0.9229
15929 0.640 53.160710 -27.917590 0.3418 1.0578
16179 1.090 53.167960 -27.917300 0.9962 1.0673
16183 1.050 53.153330 -27.917250 0.8915 1.0513
16371 1.180 53.160620 -27.916860 1.2217 1.2787
16488 0.670 53.185120 -27.916270 3.1113 1.2173
16683 0.680 53.152700 -27.915940 0.8602 0.7789
16788 0.620 53.184950 -27.916070 0.8992 1.3161
17024 0.650 53.153370 -27.913960 1.0731 1.3296
16290 0.720 53.188920 -27.914170 1.3824 1.3476
17163 0.910 53.183310 -27.915040 1.0836 1.0762
17321 0.780 53.176030 -27.914770 1.0842 0.5844
17264 0.680 53.179500 -27.914650 1.0437 1.0600
17368 0.940 53.171400 -27.914650 1.1445 1.1722
17413 1.190 53.181410 -27.914720 1.3393 2.3382
17704 0.730 53.184780 -27.913400 1.5116 1.4477
17587 0.740 53.160820 -27.913850 1.1057 0.9619
17669 1.170 53.151940 -27.913510 1.5374 1.6237
17494 1.140 53.156740 -27.913370 1.0413 0.9244
18065 1.200 53.155360 -27.913370 1.6100 0.7965
17950 1.220 53.174960 -27.913060 0.4175 0.8490
17999 1.230 53.162860 -27.911480 1.8216 1.2900
16836 0.920 53.138120 -27.910510 1.0939 1.0900
18882 0.660 53.161370 -27.910450 1.1969 1.3798
18972 0.920 53.171620 -27.910570 1.2392 1.4038
19003 0.680 53.164920 -27.910830 0.9102 1.1999
18337 1.090 53.177910 -27.909530 0.8588 0.9583
18484 0.940 53.175110 -27.909910 1.2013 1.1834
19435 0.680 53.142980 -27.909360 1.0182 1.2833
19473 0.760 53.155980 -27.909700 3.4527 1.4670
19569 0.850 53.153780 -27.909320 0.5056 0.9393
19652 0.760 53.154010 -27.908700 1.3159 1.0345
19591 0.850 53.187060 -27.909200 1.5605 1.3656
19733 0.890 53.174320 -27.908980 0.7673 0.8245
19683 1.030 53.148500 -27.908320 0.9694 1.0542
19952 0.710 53.182330 -27.908430 1.8795 2.5779
19226 0.660 53.141250 -27.907070 1.2160 1.6312
20714 0.670 53.166730 -27.906020 0.8189 1.1720
20072 1.140 53.168690 -27.907430 1.2351 1.0967
20265 1.080 53.150990 -27.907570 1.2607 1.0873
20387 1.100 53.151880 -27.907410 0.8836 1.4625
20694 1.230 53.187380 -27.906920 0.9073 0.8047
20877 1.060 53.176780 -27.906120 0.8533 1.1180
20681 0.910 53.171400 -27.905210 1.1504 1.1014
21023 1.100 53.160710 -27.906000 1.1075 1.6873
20901 1.150 53.144240 -27.905620 1.3277 1.2144
21363 0.690 53.146710 -27.904560 1.0357 1.2581
21196 0.820 53.141370 -27.904970 0.9376 1.4373
21614 0.690 53.140510 -27.904660 0.9218 1.1374
21592 0.680 53.145920 -27.901460 1.3509 1.7267
21612 0.730 53.175820 -27.903720 1.4091 1.1980
21777 0.680 53.148080 -27.903770 1.0535 1.2220
21605 1.160 53.176640 -27.903720 0.9458 0.8672
21730 0.830 53.183050 -27.903220 1.0513 1.2390
21647 0.780 53.154660 -27.903760 1.4694 1.2462
21819 1.180 53.171410 -27.903950 1.1837 1.2508
22233 0.690 53.186940 -27.903100 0.8710 1.1693
22266 0.940 53.142650 -27.903210 1.1272 0.8138
22153 0.910 53.157990 -27.902530 0.9693 0.8764
22402 0.820 53.141870 -27.901910 1.1011 1.3809
22708 0.690 53.142600 -27.899970 1.1336 1.4750
22217 1.090 53.151420 -27.902620 1.0216 1.2019
22513 1.030 53.188490 -27.902750 0.9518 1.3814
22316 1.200 53.160760 -27.902550 0.9384 1.0726
22514 0.690 53.190000 -27.902240 1.9291 1.5743
22486 0.910 53.175420 -27.902230 0.9664 0.8969
22563 0.900 53.157860 -27.902280 2.0782 2.6553
22784 0.750 53.179390 -27.901760 1.5517 1.2818
22695 0.920 53.138160 -27.901780 1.0986 1.1023
22897 0.620 53.161390 -27.901870 0.5990 1.0993
23034 1.080 53.148030 -27.901430 0.8359 0.9415
22917 0.670 53.170920 -27.900480 1.3375 1.8608
23059 0.650 53.188580 -27.901280 0.6836 0.7897
23093 1.050 53.153800 -27.901170 0.6576 0.6047
23142 0.660 53.160680 -27.897110 1.3274 1.7643
23136 0.870 53.143000 -27.901090 1.3477 0.7290
23155 0.640 53.167550 -27.901140 0.3647 0.7728
23215 1.080 53.147750 -27.900510 1.0651 1.3349
23246 1.210 53.142290 -27.900510 1.6125 1.1099
23177 1.190 53.168300 -27.900260 0.8531 1.1940
23433 0.700 53.141210 -27.900470 -23.1115 -7.8641
23413 0.720 53.152490 -27.900300 1.0356 0.6318
23524 0.830 53.145470 -27.900230 1.1623 1.6791
23407 0.680 53.159470 -27.898450 1.2537 1.6390
23511 1.220 53.141200 -27.899530 1.3693 1.2955
23920 0.850 53.177620 -27.899390 1.0314 1.0425
23929 1.170 53.138150 -27.899020 1.2628 1.5052
23992 0.690 53.184710 -27.898880 2.1987 2.1897
23172 0.670 53.145210 -27.897240 1.4156 1.8927
24360 1.090 53.179390 -27.898440 0.6311 0.9773
24367 0.720 53.138200 -27.898160 1.5836 1.3613
24480 0.950 53.156310 -27.897400 1.0956 1.1062
24599 0.810 53.149330 -27.897810 1.1682 1.3697
24717 0.740 53.143910 -27.897700 1.1460 0.7832
24609 1.090 53.185760 -27.897270 0.7258 1.0569
24671 0.660 53.142650 -27.897380 0.5730 1.3202
24605 0.660 53.184310 -27.897310 1.1202 1.3335
24770 0.940 53.139390 -27.897460 1.1286 1.1132
24521 0.680 53.175350 -27.896840 0.9842 1.1759
24919 1.210 53.160640 -27.896350 7.8929 4.6177
25164 0.660 53.159710 -27.896630 1.8727 1.0772
24707 0.940 53.181230 -27.894510 1.1949 1.3264
25205 0.970 53.170030 -27.895420 1.1260 1.2445
25253 0.700 53.152130 -27.896270 0.9634 1.1143
25462 1.110 53.182460 -27.895720 0.8272 1.2917
25474 0.830 53.165210 -27.895710 1.2979 1.4996
25184 0.660 53.142600 -27.895070 1.3542 1.9223
25316 0.910 53.139460 -27.895650 1.1470 1.1060
25687 1.090 53.185710 -27.895560 0.9562 0.9506
25860 0.680 53.186140 -27.895060 0.8287 1.5678
26450 0.680 53.183480 -27.893890 1.1709 1.3520
26728 1.090 53.156640 -27.893390 2.2737 1.5738
26909 1.070 53.139010 -27.892630 2.6452 1.7411
26158 0.660 53.178570 -27.890210 1.4265 1.8852
26160 0.680 53.179310 -27.892040 1.0535 1.3716
27183 0.810 53.161110 -27.892840 0.9364 1.4771
27304 0.740 53.166070 -27.891980 1.3886 1.2302
27562 0.890 53.146170 -27.891950 1.0629 1.1095
27652 0.690 53.174000 -27.891510 1.2008 1.2640
27862 1.100 53.144910 -27.890930 1.5822 0.8972
28280 0.930 53.165020 -27.890500 1.9413 0.9936
27974 0.680 53.146610 -27.889680 1.3449 1.8875
28000 0.680 53.186290 -27.890120 1.0829 1.4237
28310 0.740 53.165000 -27.890180 1.4615 1.1634
28588 0.660 53.176900 -27.889310 1.1887 1.6870
30010 0.680 53.164520 -27.883790 1.4184 2.0519
29417 0.730 53.172950 -27.888730 1.7325 0.8138
29322 0.960 53.135880 -27.887970 1.1371 1.1227
29598 0.980 53.135200 -27.888210 1.9751 1.6076
29252 1.060 53.174920 -27.888530 0.7322 0.8615
29515 0.710 53.182040 -27.887980 1.1535 1.2718
29733 0.690 53.187370 -27.887990 0.6473 1.2247
29626 1.000 53.168530 -27.887810 1.5426 1.3736
29801 0.610 53.152100 -27.887690 0.6482 0.7762
29726 1.230 53.137160 -27.887800 0.9338 0.7834
29794 0.690 53.138950 -27.886920 1.2427 1.6779
29630 0.910 53.170710 -27.887530 1.0218 1.0328
29564 1.080 53.159050 -27.887580 0.3440 0.3716
30032 0.630 53.174450 -27.887510 0.8765 0.7308
29922 1.140 53.146450 -27.887230 1.4579 1.0925
30676 0.680 53.164460 -27.883470 1.3315 1.6953
30763 0.690 53.165470 -27.885330 1.1016 1.3338
31393 1.140 53.136860 -27.884120 1.1531 1.4018
30887 0.910 53.179240 -27.884620 0.9953 0.9482
31772 1.110 53.151810 -27.883910 0.3397 0.6158
31086 0.850 53.178130 -27.884900 1.1433 1.2023
31227 1.090 53.169980 -27.884800 0.9535 0.8958
31570 1.110 53.179470 -27.884620 -0.6597 -1.3066
31325 0.670 53.185810 -27.882850 1.1245 1.4614
31861 0.680 53.172680 -27.882670 1.1511 1.3586
32847 0.940 53.161470 -27.882070 1.0059 1.0193
30492 0.650 53.184350 -27.882790 1.2957 1.5224
32905 0.960 53.158370 -27.881670 1.1217 0.9190
32566 0.620 53.172810 -27.882220 1.0216 1.0321
32674 0.620 53.152950 -27.877290 1.2047 1.3437
31899 1.160 53.139820 -27.880600 1.1948 1.3304
32224 1.110 53.174390 -27.882210 0.8656 1.1341
33074 1.020 53.142700 -27.881440 0.5627 0.7918
32173 1.100 53.174370 -27.881630 1.0313 1.0787
32858 1.090 53.138870 -27.881570 0.9476 0.9797
33247 0.790 53.159680 -27.881160 1.5418 1.4449
32879 0.620 53.164940 -27.881430 1.3855 1.4902
33422 0.960 53.148200 -27.880820 0.4787 1.2080
33294 1.030 53.158670 -27.880190 1.0269 1.1424
33013 1.200 53.174320 -27.879630 1.1483 2.3465
32885 0.620 53.185910 -27.880390 0.9781 1.3084
33498 0.760 53.161760 -27.879840 1.5853 1.4131
33949 0.880 53.170330 -27.879080 1.0423 1.1062
34245 1.090 53.142810 -27.878910 0.9904 0.9529
34050 0.930 53.162410 -27.878940 1.6290 1.1691
33734 0.790 53.161080 -27.878510 1.3866 1.4942
34620 0.860 53.145330 -27.877490 -0.2934 0.5724
35068 1.130 53.140560 -27.877190 1.5528 1.5777
35116 1.090 53.166850 -27.876680 0.6962 0.8347
34128 0.730 53.158960 -27.877880 1.4129 1.3134
35134 1.070 53.156450 -27.876430 1.0248 1.2012
35692 0.940 53.174150 -27.875740 1.1185 0.8599
35657 1.120 53.174860 -27.875660 1.0295 0.8878
34457 0.790 53.146600 -27.876700 1.1336 1.3038
34803 0.650 53.183200 -27.876360 1.0639 1.2880
35255 0.680 53.181770 -27.875730 0.9502 1.2462
65620 0.970 53.164980 -27.819330 1.3817 1.6905
66708 0.670 53.161710 -27.819260 1.2011 1.4200
67053 1.080 53.165860 -27.819050 1.7489 1.1322
67558 0.960 53.152590 -27.818420 1.3724 1.0267
67929 0.870 53.165470 -27.818310 1.1952 0.7673
67599 0.730 53.143900 -27.818000 1.2750 1.0136
67752 0.900 53.147510 -27.817910 2.2644 1.2874
67542 0.970 53.169910 -27.817850 1.2567 1.8167
68303 1.070 53.141900 -27.817650 1.4133 0.8318
67996 0.820 53.169260 -27.817650 0.8218 1.0445
67814 0.840 53.137180 -27.815680 1.1138 1.3100
68115 0.690 53.175630 -27.817540 0.8213 1.1351
66729 0.680 53.136330 -27.816540 1.1450 1.4275
68033 1.140 53.167770 -27.816710 1.3876 1.4249
68241 0.600 53.162550 -27.817160 1.8487 1.5740
68414 1.030 53.168180 -27.816970 1.2666 1.1811
68854 1.190 53.175790 -27.816560 2.0346 1.4297
68918 1.110 53.166250 -27.816390 1.2721 0.8917
68841 1.100 53.164450 -27.815340 1.0981 1.3467
68675 0.670 53.174510 -27.814960 1.0808 1.2969
69044 0.950 53.172310 -27.815990 0.9950 0.7050
68982 0.820 53.154290 -27.815930 1.1969 1.3615
68852 0.750 53.178880 -27.815970 1.6389 1.1353
68941 1.070 189.172500 62.235840 0.1137 0.9787
69170 1.100 53.164360 -27.815690 0.7471 0.5072
69168 0.710 53.173440 -27.815730 1.0309 1.2571
69117 1.090 189.262200 62.238100 0.9889 1.2063
69341 1.140 53.150110 -27.815230 0.9886 0.8805
70232 0.670 53.156400 -27.810810 1.0702 1.2973
69260 0.680 53.175120 -27.815060 0.6358 1.8281
69472 0.740 53.134700 -27.815020 0.9461 0.5832
69713 0.690 53.151940 -27.814660 1.4078 1.3462
69686 0.900 53.153970 -27.814670 0.9549 1.2522
70225 0.700 53.178900 -27.813520 1.7153 1.1541
70128 0.760 53.153350 -27.813450 1.1187 1.2236
70141 1.110 53.159600 -27.813460 1.1905 1.2811
70635 0.880 53.181350 -27.812650 0.6882 0.6222
70340 1.050 53.166410 -27.812900 1.0861 1.2024
70518 1.100 53.174400 -27.812720 0.7945 1.3538
70264 0.950 53.168170 -27.812930 1.0473 1.0525
70859 0.760 53.157000 -27.812170 1.2953 1.0280
70973 0.860 53.160830 -27.811830 0.9968 0.9626
71081 1.070 53.139380 -27.811460 0.7492 1.1401
70682 0.740 189.218300 62.239270 0.7407 0.5938
70821 0.780 53.139270 -27.811590 1.3160 1.0265
71305 1.160 53.189600 -27.811140 1.1288 1.3513
70878 0.720 53.164310 -27.810830 1.4381 1.3514
71858 0.710 53.159100 -27.810060 0.9536 1.4597
71890 0.790 53.135080 -27.809820 0.7394 1.0205
72113 1.090 53.135110 -27.809720 1.2736 1.3195
72048 1.060 53.151040 -27.809460 0.9300 1.0575
71524 1.200 53.145080 -27.809840 1.2924 1.2806
71560 0.680 53.138050 -27.809660 1.1551 1.4277
71864 0.760 53.150600 -27.809510 1.3497 1.0692
72302 1.160 53.155240 -27.808770 0.9692 1.1590
72319 0.950 53.166610 -27.808500 1.8325 1.2854
72024 1.220 53.145940 -27.808540 1.3141 1.1082
72692 1.180 53.178240 -27.807620 1.5467 1.6296
72853 1.090 53.168680 -27.807370 0.7634 0.9324
72082 0.660 189.184100 62.241820 -0.0024 -0.3766
73166 0.690 53.137960 -27.806410 0.7896 0.9290
73385 0.670 53.151190 -27.805560 1.2875 1.5667
73549 0.690 53.161240 -27.804880 1.2715 1.3250
74234 0.790 53.137710 -27.804220 7.4947 16.6676
73423 0.680 53.140540 -27.804570 1.1419 1.3891
74011 0.920 53.148750 -27.804300 1.0411 0.9669
74217 0.940 53.180760 -27.803980 1.5367 1.4403
73908 0.910 189.252200 62.245010 0.7802 0.7607
73866 0.690 53.140760 -27.804470 1.1578 1.4331
74352 0.620 53.142550 -27.803720 0.6943 1.0337
74385 1.160 53.176910 -27.803470 1.1824 1.1942
74166 0.930 53.137830 -27.803630 1.1398 0.8794
73333 0.620 53.149850 -27.803300 1.2277 1.4148
74133 0.660 53.148960 -27.799680 1.3036 1.7480
74900 0.930 189.156800 62.248290 0.7275 1.5367
74950 1.090 53.173340 -27.802240 1.1141 1.7755
74418 0.690 189.211700 62.245800 0.8831 1.2557
74060 0.660 53.163420 -27.799550 1.4105 1.9179
75397 0.910 53.162210 -27.801220 0.9394 1.1922
73974 1.200 53.137770 -27.802100 1.6366 1.5985
74039 0.760 53.181640 -27.801310 1.9463 1.5508
75495 0.680 53.157280 -27.798450 1.1385 1.4294
75733 0.680 53.169860 -27.800120 1.1400 1.4669
75938 0.910 53.135260 -27.799560 2.0152 2.3916
76125 1.080 53.138550 -27.799460 1.0290 1.2184
75971 0.890 53.165910 -27.799710 1.2397 1.0522
75604 0.630 53.168160 -27.799840 1.0535 1.6673
72905 0.660 53.180240 -27.798930 1.2100 1.5637
76150 0.630 53.153960 -27.799040 1.5893 2.2239
76197 1.050 53.178970 -27.798670 1.0677 0.9905
76706 0.780 53.146930 -27.798140 1.2517 1.1965
76806 0.920 53.186590 -27.797850 0.9857 1.3266
76864 0.840 189.307100 62.253210 1.1096 1.1513
76422 0.670 53.187740 -27.798050 -3.4658 -3.3322
76154 0.610 53.151200 -27.798700 0.9730 1.1606
76924 0.850 53.169950 -27.797290 1.2474 2.1416
76612 0.870 53.166880 -27.797710 1.1816 1.1631
76751 1.110 53.156750 -27.795600 0.9021 1.1506
77853 0.660 53.166230 -27.795620 1.7206 1.2845
77668 0.720 53.136410 -27.795530 1.1927 0.8962
76094 0.680 53.155450 -27.791480 1.2488 1.6702
78045 0.780 53.154120 -27.795090 1.0438 1.0262
78036 1.200 53.143520 -27.795230 1.2626 1.0702
78273 0.750 53.168000 -27.794650 1.1157 1.1640
76863 1.010 53.176200 -27.796140 1.2251 1.4570
78417 1.170 53.139400 -27.794310 0.7196 0.4780
77539 0.690 53.155720 -27.795430 1.2165 1.6429
78527 0.780 53.182200 -27.793980 1.4524 1.0539
78224 0.670 53.156740 -27.794580 1.4098 1.9176
77902 1.080 53.155870 -27.794900 0.8645 1.0882
78343 1.020 53.156630 -27.794300 0.7934 0.9328
78761 1.030 53.175850 -27.793590 1.3693 0.9218
77522 0.630 53.172520 -27.788090 1.2814 1.5090
78140 1.040 53.169280 -27.794420 1.2122 1.1099
78771 0.720 53.169750 -27.793470 0.6389 0.7997
78360 1.040 53.166210 -27.793910 1.0027 1.0427
78692 0.610 53.183840 -27.793130 0.8828 0.5671
79058 0.920 53.171330 -27.792940 1.2391 1.1146
79154 0.890 53.158140 -27.792510 -0.0990 0.0514
79520 0.760 53.186240 -27.791640 1.3199 1.1598
78077 0.740 53.184170 -27.792630 1.3651 1.1563
78710 1.160 53.149140 -27.792980 1.3823 1.3422
79891 0.950 53.156590 -27.791220 1.1120 1.1077
79645 0.630 53.172750 -27.791500 0.8015 1.1146
77579 0.700 53.161250 -27.792870 0.8392 1.4512
78885 1.080 53.167560 -27.792510 0.9644 1.1149
77821 1.000 53.137620 -27.791910 1.1564 1.3872
78415 0.660 53.169480 -27.791940 1.2707 1.7261
80058 0.820 53.155010 -27.790440 0.6530 0.8815
80446 0.660 53.169700 -27.790060 1.7146 1.8973
80297 1.070 53.142730 -27.790020 0.7770 0.9094
79895 0.670 53.155840 -27.790460 1.4072 1.9474
80255 0.950 53.184820 -27.789930 1.1633 1.1264
80434 1.080 53.160580 -27.789730 0.9965 1.1747
79756 1.140 53.151460 -27.791100 1.3807 1.9654
79581 1.110 189.225300 62.256070 0.5404 0.4069
80618 0.710 189.325200 62.259330 0.9839 1.0991
80892 1.070 53.157380 -27.789220 1.0610 1.1497
80115 0.600 53.168010 -27.789670 1.1574 1.2435
81296 1.020 53.134670 -27.788440 1.1971 1.3139
80662 0.640 53.153270 -27.789670 11.5827 1.5613
80500 0.660 53.147180 -27.788480 1.0913 1.3270
80076 1.220 53.174410 -27.789400 1.7351 1.5936
80543 1.110 53.161050 -27.788340 1.1168 1.2579
81609 1.030 53.164100 -27.787290 0.9746 0.9279
82112 0.690 189.297200 62.262550 1.8264 1.9953
81021 1.090 53.174030 -27.788010 1.1621 1.3493
82307 0.610 53.163480 -27.786640 0.7820 0.7992
81277 0.680 53.161170 -27.787850 0.9722 1.2648
82075 0.820 53.143230 -27.786830 1.4437 1.4113
81636 1.220 53.139400 -27.786770 1.3417 1.3773
82314 1.000 53.160480 -27.786300 1.0519 1.0330
81384 0.690 53.136200 -27.786680 1.2880 1.6458
82356 1.130 189.262500 62.260240 1.4137 1.2452
81328 1.050 53.181120 -27.786920 1.4351 1.2617
81973 1.120 53.160960 -27.786500 1.1900 1.4755
81011 0.930 53.160350 -27.784000 1.2864 1.4467
82239 1.090 53.165990 -27.786630 1.1319 0.6362
82729 0.990 53.147430 -27.784520 0.9319 1.0302
83293 1.190 53.138220 -27.784350 1.5109 1.1519
81306 0.690 53.157230 -27.785260 1.1680 1.5425
83749 0.680 53.154010 -27.783810 1.3596 0.8387
83804 1.060 53.184570 -27.783330 0.6549 0.7962
83248 0.630 53.161630 -27.780250 1.3795 1.5978
83735 1.110 53.178230 -27.783070 0.9229 1.0219
83686 0.850 53.151840 -27.782860 1.0850 1.2102
83789 0.760 189.271100 62.263130 8.3174 1.2244
85374 0.950 53.140450 -27.780920 1.1116 1.0295
85517 0.880 53.176320 -27.780850 2.7841 1.4194
83975 0.630 53.172610 -27.780970 1.1500 1.2743
84197 0.920 53.151860 -27.781970 1.1402 1.1295
84173 0.720 53.170680 -27.781970 1.4607 1.2287
83834 0.610 53.158180 -27.781090 1.0815 1.1500
83479 1.090 53.165890 -27.781540 0.9475 1.1303
85692 0.690 53.173770 -27.780430 0.9740 1.1669
85844 1.030 53.162480 -27.780360 1.1079 3.3729
84991 0.730 53.174430 -27.780860 1.4629 1.4424
84478 0.730 53.139280 -27.780670 1.3408 1.2295
85552 0.910 53.179270 -27.780250 1.4590 1.6359
86109 0.690 53.172260 -27.779500 0.9182 1.1645
85861 1.210 189.164900 62.266540 1.5426 1.1307
85748 0.690 53.184170 -27.779740 0.9476 1.4243
88069 0.780 53.152070 -27.774810 1.3776 1.2450
86184 1.080 53.147080 -27.778430 0.9052 0.9521
85918 0.920 53.164890 -27.778750 0.9148 0.9873
86604 1.090 53.145220 -27.777900 0.9752 1.2067
86962 1.140 53.172970 -27.778380 0.7641 0.6230
84625 0.640 53.160820 -27.775380 1.1500 1.2491
87658 1.060 53.147770 -27.776950 1.0024 1.1888
87492 1.080 53.146630 -27.777490 0.6396 0.8227
87611 1.060 53.144270 -27.777150 1.1017 1.1419
87420 0.730 53.151050 -27.777310 1.3331 1.2260
86719 1.060 53.172990 -27.777860 0.8541 1.1041
87735 0.720 53.174070 -27.776990 1.1627 1.2676
87679 0.840 53.157480 -27.776450 1.5666 1.3837
87958 0.660 53.181040 -27.776170 1.1274 1.5055
88542 0.670 53.178180 -27.775900 1.0039 1.0765
89030 0.780 189.182100 62.273010 1.7459 1.9257
88222 1.110 53.149080 -27.774300 1.1311 1.5031
87783 1.130 53.183220 -27.775710 1.1450 1.1998
87843 0.950 53.152790 -27.775290 1.1469 1.2722
87827 0.630 53.160160 -27.775530 1.3734 1.6602
88791 1.190 53.159360 -27.775020 1.0042 1.0267
86051 0.650 53.169920 -27.771020 1.0841 1.3364
89063 0.870 53.148000 -27.774680 1.1415 1.2092
90546 1.090 53.154980 -27.768910 1.2119 1.6341
89122 0.760 53.151940 -27.774490 1.2732 1.0273
90078 0.620 53.145650 -27.773430 1.0502 1.2137
88897 1.060 189.335100 62.271680 0.9450 1.3322
90246 0.600 53.151220 -27.772840 1.0191 1.2176
90936 0.910 189.285900 62.275880 0.7285 1.2428
90321 1.160 53.189930 -27.772200 0.9852 0.8672
90198 0.830 53.184490 -27.772240 1.2833 1.4909
90809 1.060 53.187140 -27.772070 1.0112 1.0111
90740 0.840 53.153970 -27.770980 1.0715 1.1419
91584 0.630 189.322900 62.277420 2.1762 2.6534
91139 0.990 53.158740 -27.770520 1.1580 1.3107
91869 1.180 53.155930 -27.770070 1.1692 1.3390
91429 1.190 53.147810 -27.771370 1.9300 1.0751
90359 0.780 189.211900 62.274700 0.7107 0.9041
90325 0.680 53.178380 -27.768230 1.1447 1.4777
91382 1.070 53.162460 -27.770910 0.7551 1.0614
92025 1.050 53.161120 -27.770340 0.6789 0.7316
92248 0.610 53.146360 -27.770090 1.0199 0.9239
92495 1.110 53.157360 -27.768280 0.9964 1.1663
92468 0.720 53.153530 -27.769440 1.2263 1.0543
91517 0.990 53.138050 -27.768910 1.2204 1.4640
93198 0.700 53.153620 -27.767820 0.9481 1.2845
92376 1.080 53.160180 -27.769310 0.9469 0.9877
92715 0.820 53.189350 -27.769280 0.8558 1.0913
92399 0.830 53.144930 -27.769310 1.7447 0.8011
92860 0.730 53.161500 -27.767620 1.3693 1.1875
93563 1.130 53.159450 -27.767780 1.1898 1.6115
93242 1.080 53.167310 -27.768230 0.8392 1.0972
93218 0.940 53.147900 -27.768270 1.1817 1.1096
93988 0.880 53.151370 -27.766690 1.1179 1.1645
93484 0.680 53.164640 -27.768050 1.0332 1.1013
93719 1.000 189.178200 62.281010 1.0312 0.6575
93849 1.050 53.175590 -27.767550 1.9118 1.3031
93759 1.070 53.159870 -27.766840 0.7780 1.0743
93827 0.950 53.163630 -27.767440 0.4227 -0.5098
94356 1.120 53.155410 -27.766070 1.3046 1.2387
93811 0.940 189.367200 62.283250 1.0622 1.0234
94128 0.970 53.135620 -27.766620 1.1233 1.2355
94364 1.080 189.208900 62.282360 0.8530 0.8246
94200 0.680 53.178470 -27.766550 1.3398 1.5313
94425 1.180 53.145440 -27.766740 0.9166 1.5225
94792 1.060 53.164450 -27.765860 0.9080 1.0599
94873 0.790 53.140710 -27.765890 0.8613 1.4424
94632 0.820 53.179550 -27.766180 1.1437 1.4804
94858 0.950 53.139510 -27.765950 1.0975 1.0256
95449 0.700 189.328900 62.287280 1.0608 1.3186
95469 0.930 53.179040 -27.765080 1.2563 1.0524
95997 0.890 53.153760 -27.763750 0.7965 0.8831
96013 0.950 53.174470 -27.764400 1.1806 1.2785
