# Catalog for all galaxies that now have refined redshifts. See paper/code for sample selection. 
#pearsid field ra dec old_z new_z dn4000 dn4000_err d4000 d4000_err old_chi2 new_chi2
9343 GOODS-S 53.135260 -27.799560 0.6400 0.5568 1.0880 0.3242 2.4213 0.6151 317.3106 136.5628
9378 GOODS-S 53.135260 -27.799560 0.6900 0.6788 1.1515 0.1700 1.5348 0.1551 865.8749 864.9769
9382 GOODS-S 53.135260 -27.799560 0.9800 0.9669 1.1876 0.2190 1.3180 0.1788 488.2183 475.6090
10429 GOODS-S 53.135260 -27.799560 0.7400 0.5441 1.9337 2.2679 3.4165 3.7974 262.4193 204.7598
11099 GOODS-S 53.135260 -27.799560 0.7400 0.6624 2.3866 6.0487 2.4058 4.1466 172.6617 166.9183
11507 GOODS-S 53.135260 -27.799560 0.6900 0.5842 1.1900 0.4696 1.5197 0.4124 355.0369 210.1417
12062 GOODS-S 53.135260 -27.799560 1.0400 1.0131 1.2169 0.2019 1.2292 0.1405 1350.7880 1308.7743
12350 GOODS-S 53.135260 -27.799560 0.8200 0.5248 6.0746 18.8665 12.4189 37.5322 211.3521 163.5928
12378 GOODS-S 53.135260 -27.799560 0.6700 0.6589 1.3522 0.1782 1.8672 0.1678 323.4899 322.3135
13499 GOODS-S 53.135260 -27.799560 1.0100 0.9835 1.1813 0.1227 1.3748 0.0998 2050.8161 1885.4606
13856 GOODS-S 53.135260 -27.799560 0.9500 0.9117 1.1042 0.1454 1.1308 0.1086 1254.3244 1040.8687
14215 GOODS-S 53.135260 -27.799560 0.8500 0.7562 1.0769 0.1457 1.3081 0.1325 1396.5508 814.9385
14386 GOODS-S 53.135260 -27.799560 0.6700 0.6372 1.2196 0.3009 1.5112 0.2582 279.2778 223.5825
14555 GOODS-S 53.135260 -27.799560 0.6300 0.6192 1.3896 0.1624 1.6604 0.1357 324.5955 282.0084
15921 GOODS-S 53.135260 -27.799560 0.9100 1.0942 2.4113 4.2728 2.0301 2.0961 211.6953 183.7699
16290 GOODS-S 53.135260 -27.799560 0.7200 0.6644 1.5870 0.5449 1.3461 0.3138 192.0817 173.0020
16836 GOODS-S 53.135260 -27.799560 0.9200 0.9073 1.0848 0.2065 1.1235 0.1626 419.7299 408.8085
17022 GOODS-S 53.135260 -27.799560 0.7300 0.7300 1.4496 0.1742 1.3107 0.1095 2721.3557 2721.3557
17024 GOODS-S 53.135260 -27.799560 0.6500 0.5565 1.1803 0.2287 2.9036 0.4828 981.7725 252.7983
17163 GOODS-S 53.135260 -27.799560 0.9100 0.5074 inf inf inf inf 1677.0416 933.7831
17368 GOODS-S 53.135260 -27.799560 0.9400 0.9144 1.1260 1.3649 1.1955 1.0394 198.6906 186.8877
17587 GOODS-S 53.135260 -27.799560 0.7400 0.3380 nan nan nan nan 767.2195 542.0815
17704 GOODS-S 53.135260 -27.799560 0.7300 0.7300 1.5116 0.3489 1.4477 0.2473 160.8039 160.8039
18260 GOODS-S 53.135260 -27.799560 0.6600 0.6489 1.1871 0.1198 1.5394 0.1037 2157.3545 2124.6889
18484 GOODS-S 53.135260 -27.799560 0.9400 0.9536 1.1489 0.7446 1.0981 0.5448 191.3649 177.6656
18610 GOODS-S 53.135260 -27.799560 0.9200 0.7668 1.0615 1.1035 1.0419 0.7743 199.9908 158.4604
18882 GOODS-S 53.135260 -27.799560 0.6600 0.4645 nan nan inf inf 810.1159 497.0329
18972 GOODS-S 53.135260 -27.799560 0.9200 0.8701 1.3020 0.6362 1.3619 0.4817 266.5149 229.3357
19226 GOODS-S 53.135260 -27.799560 0.6600 0.6274 1.2289 0.2776 1.5912 0.2424 3543.1069 3511.8724
19591 GOODS-S 53.135260 -27.799560 0.8500 0.6225 2.3884 3.6707 2.4783 3.5292 264.1516 205.1786
19952 GOODS-S 53.135260 -27.799560 0.7100 0.7175 2.1589 4.5335 2.2322 3.3779 113.4084 111.3781
20265 GOODS-S 53.135260 -27.799560 1.0800 1.1195 0.8186 0.6442 0.7263 0.6542 374.6567 353.3715
20681 GOODS-S 53.135260 -27.799560 0.9100 0.9514 1.1362 0.5193 1.0840 0.3820 235.0767 232.0098
21592 GOODS-S 53.135260 -27.799560 0.6800 0.6800 1.3509 0.2082 1.7267 0.1802 572.2018 572.2018
21612 GOODS-S 53.135260 -27.799560 0.7300 0.7764 1.2994 0.2101 1.1492 0.1298 1479.3968 1264.0128
21647 GOODS-S 53.135260 -27.799560 0.7800 0.5986 1.5444 0.7556 1.3976 0.4823 622.1562 353.5663
21777 GOODS-S 53.135260 -27.799560 0.6800 0.6578 1.0488 0.2253 1.2405 0.1781 922.1759 908.6061
22266 GOODS-S 53.135260 -27.799560 0.9400 0.8773 1.1853 1.1319 1.1913 0.9143 345.4317 331.7099
22402 GOODS-S 53.135260 -27.799560 0.8200 0.7388 1.2243 0.1632 1.5108 0.1465 976.9009 378.9170
22563 GOODS-S 53.135260 -27.799560 0.9000 0.9868 1.3436 0.9239 1.2182 0.6952 476.7516 433.3783
22695 GOODS-S 53.135260 -27.799560 0.9200 0.9200 1.0986 0.5193 1.1023 0.3827 256.9695 256.9695
22708 GOODS-S 53.135260 -27.799560 0.6900 0.6460 1.1704 0.1955 1.5158 0.1735 311.1420 240.5504
22765 GOODS-S 53.135260 -27.799560 0.5700 0.5494 1.4569 0.1862 3.0848 0.3516 429.2816 383.6684
22829 GOODS-S 53.135260 -27.799560 0.5600 0.4999 inf inf inf inf 1302.6905 1055.5620
22917 GOODS-S 53.135260 -27.799560 0.6700 0.6700 1.3375 0.3238 1.8608 0.3219 170.2561 170.2561
23136 GOODS-S 53.135260 -27.799560 0.8700 0.8453 1.3823 1.8753 1.0171 1.4379 471.9520 470.4739
23142 GOODS-S 53.135260 -27.799560 0.6600 0.6489 1.3472 0.1368 1.7986 0.1229 162.8737 133.9758
23172 GOODS-S 53.135260 -27.799560 0.6700 0.6700 1.4156 0.1947 1.8927 0.1765 235.0915 235.0915
23215 GOODS-S 53.135260 -27.799560 1.0800 1.1341 1.1519 0.4004 1.3018 0.3404 462.7077 396.4852
23407 GOODS-S 53.135260 -27.799560 0.6800 0.6800 1.2537 0.2069 1.6390 0.1830 405.1114 405.1114
23524 GOODS-S 53.135260 -27.799560 0.8300 0.6838 1.0592 0.6675 1.1740 0.5456 468.6301 397.7650
24367 GOODS-S 53.135260 -27.799560 0.7200 0.4997 inf inf inf inf 277.2587 221.4614
24480 GOODS-S 53.135260 -27.799560 0.9500 0.9370 1.1471 0.2490 1.1069 0.1812 480.8912 462.9275
24599 GOODS-S 53.135260 -27.799560 0.8100 1.4021 0.7716 1.3387 1.6717 1.6876 411.5308 308.2670
24717 GOODS-S 53.135260 -27.799560 0.7400 0.7400 1.1460 1.8423 0.7832 1.0770 194.0077 194.0077
24770 GOODS-S 53.135260 -27.799560 0.9400 0.9939 1.1409 0.8711 1.0826 0.6339 226.8632 217.9045
25164 GOODS-S 53.135260 -27.799560 0.6600 0.4226 nan nan inf inf 347.0950 303.6100
25205 GOODS-S 53.135260 -27.799560 0.9700 0.9314 1.1116 0.1234 1.2734 0.0995 2001.3191 1805.2139
25474 GOODS-S 53.135260 -27.799560 0.8300 0.8059 1.1761 0.5083 1.5356 0.4747 352.6398 345.6086
26158 GOODS-S 53.135260 -27.799560 0.6600 0.6600 1.4265 0.1574 1.8852 0.1398 174.0068 174.0068
26450 GOODS-S 53.135260 -27.799560 0.6800 0.6579 1.1435 0.4277 1.3154 0.3125 373.8629 356.9557
26614 GOODS-S 53.135260 -27.799560 0.7600 0.7600 2.1600 9.1785 2.7267 7.9897 299.6799 299.6799
26909 GOODS-S 53.135260 -27.799560 1.0700 1.1149 0.8863 0.1133 0.4426 0.0775 18929.2229 18071.5826
27304 GOODS-S 53.135260 -27.799560 0.7400 0.7058 1.3806 0.5095 1.4150 0.3904 278.9802 237.2388
27562 GOODS-S 53.135260 -27.799560 0.8900 0.8900 1.0629 0.3255 1.1095 0.2527 432.3146 432.3146
27974 GOODS-S 53.135260 -27.799560 0.6800 0.6689 1.3409 0.2910 1.9253 0.2896 334.5245 327.3672
28280 GOODS-S 53.135260 -27.799560 0.9300 1.0304 0.6686 0.9623 1.0177 0.8805 277.1320 273.3373
28310 GOODS-S 53.135260 -27.799560 0.7400 0.8452 1.4595 0.5337 1.2298 0.2997 488.1138 427.0049
29322 GOODS-S 53.135260 -27.799560 0.9600 0.9342 1.1489 0.2238 1.1464 0.1724 655.0080 588.5810
29515 GOODS-S 53.135260 -27.799560 0.7100 0.6233 1.0584 0.6118 1.2797 0.4701 313.1119 285.6503
29626 GOODS-S 53.135260 -27.799560 1.0000 1.3404 1.9973 1.6969 3.7746 1.9416 2073.3883 1325.2895
29922 GOODS-S 53.135260 -27.799560 1.1400 1.0060 0.9506 0.6535 1.2936 0.5851 474.5613 414.4234
30010 GOODS-S 53.135260 -27.799560 0.6800 0.6800 1.4184 0.3355 2.0519 0.3321 259.3342 259.3342
30286 GOODS-S 53.135260 -27.799560 0.6800 0.6258 1.2088 0.2913 1.5069 0.2529 361.1831 165.3564
30676 GOODS-S 53.135260 -27.799560 0.6800 0.6688 1.3269 0.1736 1.7066 0.1496 711.6543 679.8510
30763 GOODS-S 53.135260 -27.799560 0.6900 0.5842 1.3242 0.4018 1.8115 0.4140 763.5580 318.5750
31086 GOODS-S 53.135260 -27.799560 0.8500 0.8257 1.0939 0.2818 1.1796 0.2191 742.2376 684.8133
31325 GOODS-S 53.135260 -27.799560 0.6700 0.6057 1.1257 0.2237 1.4561 0.1976 482.7805 243.4960
31736 GOODS-S 53.135260 -27.799560 0.9100 0.8604 0.9006 0.6450 1.1800 0.5762 251.3127 232.9308
31861 GOODS-S 53.135260 -27.799560 0.6800 0.5849 1.2077 0.3209 1.5840 0.3037 551.8842 257.0754
31899 GOODS-S 53.135260 -27.799560 1.1600 1.1315 1.2051 0.1505 1.3578 0.1269 1026.3484 995.4850
32674 GOODS-S 53.135260 -27.799560 0.6200 0.5882 1.1793 0.1480 1.5073 0.1351 261.7869 190.8031
32905 GOODS-S 53.135260 -27.799560 0.9600 0.9215 0.9781 0.2335 0.9078 0.1577 936.7020 808.7249
33247 GOODS-S 53.135260 -27.799560 0.7900 1.1088 1.4090 2.1374 1.5876 1.6779 306.8899 234.2210
33734 GOODS-S 53.135260 -27.799560 0.7900 0.7983 1.3483 0.5131 1.4771 0.4065 298.8976 293.5418
33944 GOODS-N 53.135260 -27.799560 0.7000 0.5086 inf inf inf inf 1144.6806 933.1438
34128 GOODS-S 53.135260 -27.799560 0.7300 0.6320 1.4394 0.2638 1.2682 0.1603 1022.6773 630.7474
34243 GOODS-S 53.135260 -27.799560 0.7100 0.6337 1.2762 0.6226 1.4814 0.5091 293.3601 224.2952
34427 GOODS-N 53.135260 -27.799560 0.8900 0.8529 1.1091 0.2015 1.0997 0.1419 794.4946 742.9099
34457 GOODS-S 53.135260 -27.799560 0.7900 0.7979 1.1156 0.1712 1.2879 0.1466 836.6893 826.3580
34803 GOODS-S 53.135260 -27.799560 0.6500 0.6176 1.1048 0.1938 1.4304 0.1759 598.5211 524.5368
34821 GOODS-S 53.135260 -27.799560 1.0400 1.0264 1.0769 0.1653 1.1113 0.1204 1024.3116 1002.5017
35156 GOODS-N 53.135260 -27.799560 1.2000 1.1710 1.4201 0.2437 1.4287 0.1776 1075.1746 1074.5904
35475 GOODS-S 53.135260 -27.799560 1.2300 1.2300 1.4813 0.3891 1.3780 0.2615 905.8917 905.8917
35589 GOODS-S 53.135260 -27.799560 0.8100 0.7292 1.5565 1.4427 1.8733 1.2806 281.0719 273.5195
35692 GOODS-S 53.135260 -27.799560 0.9400 0.9143 0.9975 0.5381 0.9246 0.4292 329.2239 313.5323
35783 GOODS-S 53.135260 -27.799560 0.6300 0.6938 1.5155 3.1338 1.4785 2.0710 224.3219 218.1503
35878 GOODS-S 53.135260 -27.799560 0.6400 0.5669 1.0685 0.1492 1.8583 0.2076 1825.1077 818.6859
35929 GOODS-S 53.135260 -27.799560 0.7700 0.6697 1.4470 0.8183 1.3704 0.5981 835.3801 747.7042
35989 GOODS-S 53.135260 -27.799560 0.7400 0.6519 1.9217 1.0068 1.6520 0.6391 421.9203 274.7210
36001 GOODS-S 53.135260 -27.799560 0.9300 0.8321 1.1248 0.3481 1.0942 0.2575 696.8356 404.2180
36105 GOODS-N 53.135260 -27.799560 0.9100 0.9249 1.4983 0.2620 1.6490 0.2074 364.1821 222.4106
36110 GOODS-S 53.135260 -27.799560 0.6200 0.5987 1.1327 0.2814 1.4303 0.2617 223.1266 188.7722
36121 GOODS-S 53.135260 -27.799560 0.7800 0.7800 1.7488 0.2130 1.7354 0.1471 280.3510 280.3510
36143 GOODS-S 53.135260 -27.799560 0.7800 0.7800 1.3023 0.2314 1.1530 0.1424 606.2248 606.2248
36213 GOODS-S 53.135260 -27.799560 0.9100 0.6557 1.9679 5.3547 1.2864 2.1425 381.9031 360.5175
36639 GOODS-N 53.135260 -27.799560 0.8800 0.9223 1.1674 0.1997 1.2496 0.1577 398.2154 349.2351
36842 GOODS-N 53.135260 -27.799560 0.9100 0.9512 1.1637 0.2055 1.1671 0.1541 939.9197 817.4363
36944 GOODS-N 53.135260 -27.799560 0.8400 0.8400 1.1233 0.1349 1.2562 0.1106 1468.9882 1468.9882
36989 GOODS-N 53.135260 -27.799560 0.8600 0.8235 1.6751 0.6846 1.7085 0.4895 301.8366 255.1633
37044 GOODS-N 53.135260 -27.799560 1.2300 1.2154 1.6193 0.4672 1.8211 0.3869 588.9060 581.0992
37225 GOODS-N 53.135260 -27.799560 0.6600 0.5960 1.1035 0.2271 1.4516 0.2169 420.4986 272.1905
37429 GOODS-S 53.135260 -27.799560 0.7800 0.7564 1.6630 0.2470 1.5907 0.1635 339.3630 292.2331
37670 GOODS-N 53.135260 -27.799560 0.9200 0.9433 1.1698 2.0868 1.7762 2.8093 261.3260 258.3829
37959 GOODS-S 53.135260 -27.799560 0.9000 0.9000 1.3512 1.2326 1.3385 0.8148 321.1319 321.1319
38345 GOODS-N 53.135260 -27.799560 1.1300 1.1871 0.8467 0.6789 1.3237 0.8077 327.7312 286.4608
38350 GOODS-S 53.135260 -27.799560 0.7800 0.7682 1.3999 0.1859 1.2170 0.1119 1459.2896 1433.1038
38417 GOODS-S 53.135260 -27.799560 0.7900 0.7900 1.0592 0.2715 1.1942 0.2250 485.0622 485.0622
38445 GOODS-N 53.135260 -27.799560 0.5600 0.5496 1.4951 0.5557 3.3249 1.0922 176.2900 176.2866
38744 GOODS-S 53.135260 -27.799560 0.6800 0.6364 1.8615 2.1448 2.1114 1.7034 211.2240 198.9318
38854 GOODS-S 53.135260 -27.799560 0.6600 0.6168 1.2318 0.2883 1.5282 0.2473 394.9275 274.2181
39487 GOODS-N 53.135260 -27.799560 0.9600 0.9470 1.1365 0.2495 1.1675 0.1875 614.6267 609.1959
39503 GOODS-S 53.135260 -27.799560 0.8500 0.9194 1.2351 0.2026 1.3639 0.1690 430.6719 352.2005
39728 GOODS-N 53.135260 -27.799560 0.7700 0.7700 1.4261 0.3321 1.3541 0.2191 281.4251 281.4251
39835 GOODS-S 53.135260 -27.799560 1.1300 1.1020 1.1968 0.2281 1.3972 0.1995 740.6445 671.3893
40004 GOODS-N 53.135260 -27.799560 0.9100 0.9122 1.4543 0.8720 1.4508 0.6538 287.9628 281.9069
40286 GOODS-S 53.135260 -27.799560 0.8600 0.7769 1.1892 1.0774 1.2593 0.8783 228.9605 201.1428
40488 GOODS-S 53.135260 -27.799560 0.6700 0.6057 1.0968 0.2296 1.4501 0.2036 730.9359 423.4940
40991 GOODS-N 53.135260 -27.799560 0.9900 1.0057 1.4118 0.1495 1.7860 0.1319 1178.8454 915.3065
41031 GOODS-N 53.135260 -27.799560 0.8300 0.8695 1.6296 1.4310 2.1168 1.3809 724.0266 705.2008
41064 GOODS-N 53.135260 -27.799560 0.7900 0.6371 1.0394 0.5300 1.1618 0.4652 297.4346 211.7789
41075 GOODS-S 53.135260 -27.799560 0.7100 0.6765 0.9250 0.3984 1.0965 0.3115 457.8160 397.5271
41327 GOODS-S 53.135260 -27.799560 0.9100 0.4465 nan nan inf inf 1939.8877 645.5099
41338 GOODS-S 53.135260 -27.799560 0.7600 0.6922 1.2268 0.8416 1.0898 0.4753 472.3973 429.3098
41388 GOODS-N 53.135260 -27.799560 0.9900 0.9920 1.3423 0.2752 1.7951 0.2483 290.0372 287.6035
41478 GOODS-S 53.135260 -27.799560 1.1300 1.1300 1.3043 0.2055 1.4244 0.1722 350.5945 350.5945
41499 GOODS-N 53.135260 -27.799560 0.8300 0.7483 1.8642 4.6341 1.4424 1.9658 166.0170 162.6699
41630 GOODS-N 53.135260 -27.799560 1.1800 1.0827 1.3836 0.3844 1.3984 0.2871 819.4616 647.2075
41913 GOODS-N 53.135260 -27.799560 1.1000 1.1582 1.0432 0.2139 1.2980 0.2002 300.4392 176.6842
42022 GOODS-S 53.135260 -27.799560 0.7100 0.6656 1.2048 0.5597 1.4533 0.4290 3859.2346 3622.1503
42277 GOODS-S 53.135260 -27.799560 0.9000 0.8875 1.3590 0.3518 1.3161 0.2509 250.9215 231.9956
42395 GOODS-S 53.135260 -27.799560 0.9100 0.8973 1.0909 0.3510 1.2438 0.2821 346.9326 343.7258
42526 GOODS-N 53.135260 -27.799560 0.7500 0.3959 nan nan nan nan 550.1169 299.7464
43478 GOODS-S 53.135260 -27.799560 0.8400 0.8158 1.0845 0.1490 1.1827 0.1203 489.3886 424.6498
43618 GOODS-N 53.135260 -27.799560 0.7400 0.7582 1.7050 0.1756 1.6076 0.1150 656.9235 541.2929
43758 GOODS-S 53.135260 -27.799560 1.2600 1.3067 1.5709 0.4264 0.5416 0.1554 351.5471 304.7645
43909 GOODS-S 53.135260 -27.799560 0.8700 0.7640 1.2473 1.3869 1.0791 0.8898 213.2290 193.2722
44001 GOODS-N 53.135260 -27.799560 0.8800 1.1253 1.3049 0.7191 1.2863 0.5545 285.8369 234.1041
44060 GOODS-N 53.135260 -27.799560 0.9900 0.7251 2.5788 7.6503 4.2447 12.9548 194.7737 188.2777
44078 GOODS-N 53.135260 -27.799560 0.9800 1.0140 1.3980 0.1544 1.7274 0.1336 704.7416 531.7827
44627 GOODS-S 53.135260 -27.799560 1.0000 0.9106 1.0762 1.3639 1.2100 1.2309 234.1194 213.3661
44738 GOODS-S 53.135260 -27.799560 0.6800 0.6689 1.5654 1.4629 2.0825 1.5458 252.3303 246.9301
44756 GOODS-N 53.135260 -27.799560 0.9900 1.0057 1.6229 0.3962 2.0043 0.3524 521.8649 406.1577
44843 GOODS-S 53.135260 -27.799560 0.9500 1.3918 1.2701 0.7278 1.3115 0.5749 1209.0764 366.9949
45022 GOODS-S 53.135260 -27.799560 0.8000 0.9610 3.9215 11.4473 1.7515 2.5982 229.9915 217.0608
45026 GOODS-N 53.135260 -27.799560 0.9700 0.9956 1.3127 0.1979 1.6574 0.1734 432.9834 416.0476
45223 GOODS-S 53.135260 -27.799560 0.6800 1.2878 2.1350 1.4555 0.4854 0.7783 2128.1630 1849.6224
45314 GOODS-S 53.135260 -27.799560 0.6800 0.7004 1.0447 0.2747 1.2933 0.2290 530.9321 526.9250
45451 GOODS-N 53.135260 -27.799560 0.8300 0.8321 1.2575 0.1776 1.5786 0.1608 327.9626 326.8215
45462 GOODS-S 53.135260 -27.799560 0.8500 0.7675 1.0125 0.1926 1.1326 0.1552 1192.1520 1007.8756
45496 GOODS-N 53.135260 -27.799560 0.9900 0.9509 1.2286 0.2093 1.4427 0.1744 291.4335 237.2648
45958 GOODS-N 53.135260 -27.799560 0.9800 1.0281 1.3443 0.4150 1.5796 0.3484 513.0910 449.4316
46085 GOODS-N 53.135260 -27.799560 0.6800 1.2468 0.9496 1.2895 1.2454 1.2013 209.6770 142.5410
46546 GOODS-N 53.135260 -27.799560 1.2400 1.1399 1.2354 0.1966 1.1581 0.1358 2276.0024 992.7592
46562 GOODS-S 53.135260 -27.799560 0.6600 0.4998 inf inf inf inf 950.8442 417.7525
46694 GOODS-N 53.135260 -27.799560 0.9600 0.8489 1.3380 0.8136 1.2663 0.5641 407.5753 316.0100
46766 GOODS-N 53.135260 -27.799560 1.0200 1.0065 1.4162 0.2840 1.7194 0.2508 320.2073 310.7862
46914 GOODS-N 53.135260 -27.799560 0.9200 0.8701 1.2164 0.3693 1.2079 0.2523 435.0823 361.2379
47029 GOODS-S 53.135260 -27.799560 0.7900 0.5609 1.8459 1.0993 2.4249 1.1863 706.1895 395.6538
47225 GOODS-S 53.135260 -27.799560 1.2600 1.2155 1.5986 0.3351 1.5698 0.2360 462.3731 404.3038
47324 GOODS-S 53.135260 -27.799560 0.9500 0.9587 1.2480 0.2279 1.1560 0.1549 881.2821 878.9641
47447 GOODS-S 53.135260 -27.799560 0.5800 0.5800 1.2844 0.1935 1.9938 0.2315 267.3068 267.3068
47511 GOODS-N 53.135260 -27.799560 0.9400 0.9271 1.7620 1.8198 1.6902 1.4795 243.3409 242.0909
47644 GOODS-N 53.135260 -27.799560 0.8700 0.9039 1.3378 1.2975 1.5528 1.1922 388.5007 375.0974
48126 GOODS-S 53.135260 -27.799560 0.7400 0.7171 1.4839 1.5924 1.1459 0.8268 357.2614 353.4062
48189 GOODS-N 53.135260 -27.799560 0.9900 1.0191 1.3339 0.1526 1.5694 0.1272 736.0335 587.9696
48216 GOODS-N 53.135260 -27.799560 0.9800 0.7676 1.1148 0.2598 1.2607 0.2010 907.4678 359.3533
48650 GOODS-N 53.135260 -27.799560 0.9300 0.9358 1.2356 0.1498 1.3728 0.1208 588.3479 586.1739
48954 GOODS-N 53.135260 -27.799560 0.8600 0.3605 nan nan nan nan 331.5637 305.8788
49012 GOODS-S 53.135260 -27.799560 0.5800 0.5591 1.1087 0.2746 2.3713 0.5066 349.5466 337.4053
49165 GOODS-S 53.135260 -27.799560 1.0300 0.9270 0.9651 0.4674 1.2467 0.4417 393.8679 247.3448
49434 GOODS-S 53.135260 -27.799560 0.7500 0.6825 1.2159 1.4148 1.2024 1.0799 216.0742 195.2406
49779 GOODS-N 53.135260 -27.799560 0.9700 0.9314 1.2729 0.3361 1.5899 0.2853 456.0402 377.2386
50261 GOODS-S 53.135260 -27.799560 0.9200 0.8700 1.2935 0.4499 1.1725 0.3086 506.3561 485.8478
50265 GOODS-N 53.135260 -27.799560 0.6900 0.5086 inf inf inf inf 352.7502 331.7008
50422 GOODS-N 53.135260 -27.799560 0.7500 0.7270 1.4230 0.2282 1.2644 0.1417 644.7370 548.4027
50439 GOODS-N 53.135260 -27.799560 1.0700 1.0562 1.2433 0.2089 1.6171 0.2055 414.5960 384.8762
50670 GOODS-N 53.135260 -27.799560 0.5600 0.5600 1.1341 0.2320 2.4260 0.4349 348.0503 348.0503
51356 GOODS-S 53.135260 -27.799560 0.6300 0.5376 2.0794 0.3886 4.4080 0.7569 1074.7513 376.7359
51522 GOODS-S 53.135260 -27.799560 1.1200 1.0515 1.0067 0.5192 1.0375 0.4176 329.9664 300.5536
52204 GOODS-S 53.135260 -27.799560 0.6200 0.4462 nan nan inf inf 412.6888 285.4542
52259 GOODS-S 53.135260 -27.799560 0.7300 0.6960 1.3199 0.2000 1.1771 0.1219 1527.6941 1480.1810
52481 GOODS-S 53.135260 -27.799560 0.8400 0.8495 1.2648 0.2570 1.5020 0.2298 257.1949 208.6946
52497 GOODS-N 53.135260 -27.799560 0.8300 0.8060 1.1342 0.6256 1.4733 0.5728 259.6105 253.5463
52529 GOODS-S 53.135260 -27.799560 0.7600 0.7254 1.3086 0.8125 1.0547 0.4913 226.6426 212.8150
52591 GOODS-N 53.135260 -27.799560 0.8400 0.8622 0.6344 0.7001 0.7598 0.6788 377.8709 372.2210
52593 GOODS-S 53.135260 -27.799560 0.5800 0.5800 1.4980 0.2347 2.3542 0.2894 180.8783 180.8783
52774 GOODS-S 53.135260 -27.799560 0.6100 0.4998 inf inf inf inf 904.2292 328.3470
52896 GOODS-N 53.135260 -27.799560 0.9400 0.9537 1.0985 0.2088 1.1696 0.1688 735.4110 692.3089
52945 GOODS-S 53.135260 -27.799560 0.6300 0.5773 1.2430 0.4291 1.6803 0.4418 280.0464 219.4145
52948 GOODS-N 53.135260 -27.799560 0.6600 0.5561 1.3719 1.0110 3.4960 2.2810 269.6427 250.9869
53248 GOODS-S 53.135260 -27.799560 0.7800 0.7806 1.3362 0.1436 1.1600 0.0866 3063.9829 3053.0520
53462 GOODS-S 53.135260 -27.799560 0.5800 0.5592 1.1301 0.2002 2.3404 0.3652 362.2087 276.4546
53471 GOODS-N 53.135260 -27.799560 0.8300 0.8320 1.4386 0.1548 1.8992 0.1460 403.9544 300.9893
53563 GOODS-N 53.135260 -27.799560 0.8700 0.8912 1.3554 0.1739 1.6422 0.1552 800.6626 724.9894
53632 GOODS-S 53.135260 -27.799560 0.8700 1.3514 3.1062 10.7159 1.6220 4.4796 162.8112 154.2802
53708 GOODS-N 53.135260 -27.799560 0.6900 0.6788 1.3744 0.1889 1.8037 0.1690 338.4360 326.5857
53811 GOODS-S 53.135260 -27.799560 0.8800 1.1253 1.3202 1.5530 0.7477 0.8153 435.2417 386.3110
53868 GOODS-S 53.135260 -27.799560 0.5800 0.5389 2.2915 0.7945 4.8039 1.5503 191.4645 154.9924
54056 GOODS-S 53.135260 -27.799560 0.6600 0.6382 1.3966 0.7982 1.3366 0.5286 303.0215 293.8314
54405 GOODS-N 53.135260 -27.799560 0.8200 0.7611 1.1703 0.1153 1.5189 0.1083 1219.1230 559.9156
54553 GOODS-S 53.135260 -27.799560 0.7800 0.6582 1.4311 0.2272 1.3195 0.1458 1055.9481 254.9540
54742 GOODS-S 53.135260 -27.799560 0.9200 0.8111 0.8615 0.8006 0.8741 0.6615 347.2759 277.6354
55063 GOODS-N 53.135260 -27.799560 1.0700 1.0724 1.0623 1.0200 1.2918 1.0819 333.7467 324.0934
55392 GOODS-N 53.135260 -27.799560 1.1600 1.1458 1.2278 0.2971 1.2805 0.2377 679.8615 672.3503
55434 GOODS-S 53.135260 -27.799560 1.1200 1.1240 1.1409 0.2144 1.2923 0.1853 451.6957 445.3979
55513 GOODS-N 53.135260 -27.799560 0.6600 0.6773 1.1809 0.5076 1.6238 0.5073 174.8958 160.0932
56832 GOODS-N 53.135260 -27.799560 0.9100 0.8483 1.1977 0.6064 1.2769 0.4963 300.7183 215.4464
57014 GOODS-S 53.135260 -27.799560 1.0600 1.0462 1.2034 0.2086 1.5574 0.1970 445.3874 425.2146
57038 GOODS-N 53.135260 -27.799560 0.8300 0.4367 nan nan -inf inf 319.9021 303.0207
57178 GOODS-N 53.135260 -27.799560 0.8900 0.5923 1.0000 1.7730 2.0449 3.8422 367.8864 334.0171
57258 GOODS-S 53.135260 -27.799560 0.9000 0.6567 1.4052 2.2824 1.4244 1.7758 289.5887 258.0321
57446 GOODS-S 53.135260 -27.799560 0.6900 0.6146 1.1626 0.1696 1.4733 0.1442 1080.2943 415.2167
57524 GOODS-S 53.135260 -27.799560 0.7000 1.2191 1.3602 1.0328 1.5738 0.8710 295.3419 274.8518
57685 GOODS-S 53.135260 -27.799560 0.7800 0.6480 1.3963 0.2316 1.2560 0.1462 1009.7779 381.6170
58181 GOODS-S 53.135260 -27.799560 0.6700 0.6700 1.3893 0.2159 1.8793 0.2061 223.0968 223.0968
58615 GOODS-S 53.135260 -27.799560 1.0100 1.0570 0.9105 0.5844 1.0717 0.5156 295.2030 267.5402
58856 GOODS-N 53.135260 -27.799560 0.5800 0.5591 1.1997 0.2250 2.5861 0.4245 272.2641 255.5928
59375 GOODS-N 53.135260 -27.799560 1.0100 0.9966 1.1651 0.1736 1.3280 0.1412 945.0175 925.5399
59713 GOODS-N 53.135260 -27.799560 0.5800 0.4999 inf inf inf inf 220.5111 215.5276
59792 GOODS-S 53.135260 -27.799560 1.1200 1.2286 0.8243 1.6071 0.7048 1.5794 317.0315 310.2094
59863 GOODS-N 53.135260 -27.799560 0.8000 0.7532 1.1066 0.2261 1.2790 0.1934 787.4798 704.6396
60296 GOODS-S 53.135260 -27.799560 0.6600 0.6167 1.0486 0.2095 1.3980 0.1894 344.7101 322.9467
60675 GOODS-N 53.135260 -27.799560 0.8200 0.7842 1.1525 0.3668 1.5439 0.3583 309.0417 253.2504
60999 GOODS-S 53.135260 -27.799560 1.2600 1.2156 1.2475 0.3424 1.2162 0.2548 1170.8804 1139.6083
61172 GOODS-S 53.135260 -27.799560 0.6600 0.6659 1.2903 0.1532 1.7449 0.1416 529.7448 496.9574
61235 GOODS-S 53.135260 -27.799560 1.1300 1.1300 1.6033 0.2562 1.8215 0.2192 644.9867 644.9867
61291 GOODS-N 53.135260 -27.799560 0.9900 0.9923 1.3811 0.1957 1.6908 0.1724 382.6838 357.4134
61447 GOODS-S 53.135260 -27.799560 0.9200 0.9301 1.1890 0.1631 1.4205 0.1442 970.4717 862.6435
61746 GOODS-N 53.135260 -27.799560 0.9500 0.9500 1.2982 0.2805 1.2528 0.2028 461.6310 461.6310
61980 GOODS-S 53.135260 -27.799560 1.0000 1.3965 2.5784 8.5252 1.0278 3.5287 323.4683 315.2751
62107 GOODS-N 53.135260 -27.799560 1.0000 1.0519 1.2556 0.2302 1.6307 0.2070 467.3235 388.4449
62376 GOODS-N 53.135260 -27.799560 0.9300 0.9172 1.1846 0.2697 1.1954 0.1954 545.1049 543.8527
62528 GOODS-S 53.135260 -27.799560 0.7000 0.7005 1.2082 0.1436 1.5834 0.1264 405.2746 390.7353
62543 GOODS-N 53.135260 -27.799560 0.9700 0.8821 1.1111 0.4878 1.2422 0.3935 574.3329 435.9342
62741 GOODS-N 53.135260 -27.799560 0.6000 0.3951 nan nan nan nan 588.0843 572.5503
63339 GOODS-S 53.135260 -27.799560 0.6800 0.7236 1.0543 0.7286 1.3612 0.6423 233.0635 228.6159
63360 GOODS-S 53.135260 -27.799560 0.8900 0.9280 0.9560 1.2354 1.2081 1.0498 294.3379 286.6215
63419 GOODS-N 53.135260 -27.799560 1.0000 1.0243 1.2242 0.2992 1.2940 0.2364 1005.9607 981.5876
63526 GOODS-N 53.135260 -27.799560 0.8700 0.8910 1.4456 0.3648 1.8201 0.3355 466.2097 410.7869
63902 GOODS-S 53.135260 -27.799560 0.8300 0.8300 1.3995 0.2201 1.7739 0.2024 348.8775 348.8775
64376 GOODS-S 53.135260 -27.799560 0.6800 0.7002 1.8632 2.5807 1.8668 2.4220 223.3364 217.3508
64393 GOODS-S 53.135260 -27.799560 0.7500 0.7384 1.2726 0.5692 1.0960 0.3701 205.5525 203.5850
64394 GOODS-N 53.135260 -27.799560 0.9900 0.9637 0.9863 0.3903 1.1465 0.3179 450.1477 429.6203
64469 GOODS-N 53.135260 -27.799560 0.5700 0.5596 1.2600 0.1527 2.8375 0.2990 513.0863 466.4968
64523 GOODS-N 53.135260 -27.799560 1.2100 1.1809 1.4009 0.3622 1.3499 0.2453 951.5510 931.2759
65179 GOODS-S 53.135260 -27.799560 0.7500 0.4912 inf inf inf inf 338.9405 283.1824
65347 GOODS-N 53.135260 -27.799560 0.7400 0.7285 1.3459 1.5746 1.6007 1.6434 369.8242 363.8593
65404 GOODS-N 53.135260 -27.799560 1.0100 1.1760 1.1536 0.1177 1.3177 0.0947 2879.3121 2307.7726
65572 GOODS-S 53.135260 -27.799560 0.6700 0.7179 0.9927 0.4177 1.3984 0.5780 11190.4567 10840.0239
65589 GOODS-N 53.135260 -27.799560 0.8200 0.7499 0.7145 0.8663 1.0176 0.8383 198.0565 176.2424
65620 GOODS-S 53.135260 -27.799560 0.9700 0.9820 1.3650 0.1326 1.6700 0.1138 1209.7837 1156.3441
65825 GOODS-S 53.135260 -27.799560 0.8700 0.8784 1.1358 0.1837 1.1753 0.1391 841.8495 840.2520
65831 GOODS-N 53.135260 -27.799560 0.9100 0.8130 1.2349 0.5090 1.2594 0.3776 312.1773 216.9335
65981 GOODS-S 53.135260 -27.799560 0.7200 0.7086 1.3988 0.3190 1.2925 0.2068 337.3114 324.4417
66190 GOODS-S 53.135260 -27.799560 0.7100 0.5086 inf inf inf inf 210.2865 199.1629
66256 GOODS-S 53.135260 -27.799560 0.6800 0.6800 1.4831 0.2395 1.9735 0.2216 271.8961 271.8961
66620 GOODS-S 53.135260 -27.799560 0.7500 0.6935 1.6632 1.6753 1.5052 1.0077 201.5848 190.9216
66708 GOODS-S 53.135260 -27.799560 0.6700 0.5955 1.1815 0.2512 1.4665 0.2032 520.5488 332.5361
66729 GOODS-S 53.135260 -27.799560 0.6800 0.6363 1.1394 0.1371 1.4944 0.1208 1084.3704 609.0675
66753 GOODS-N 53.135260 -27.799560 0.7200 0.6863 1.4675 0.1912 1.4091 0.1251 355.4054 280.3582
66873 GOODS-N 53.135260 -27.799560 0.9200 0.8460 0.9195 0.8028 1.4884 0.8808 411.7927 400.1738
67081 GOODS-N 53.135260 -27.799560 0.8000 0.7763 1.3857 2.2061 1.7778 2.3253 190.5342 183.6295
67542 GOODS-S 53.135260 -27.799560 0.9700 0.6691 1.6500 1.3467 1.4210 0.8257 426.3771 403.4682
67558 GOODS-S 53.135260 -27.799560 0.9600 0.8607 0.8386 0.6877 1.0617 0.5882 185.2326 146.5246
67599 GOODS-S 53.135260 -27.799560 0.7300 0.6634 1.2182 0.4538 1.0605 0.2811 420.3985 385.6990
67752 GOODS-S 53.135260 -27.799560 0.9000 0.6471 1.0031 1.2109 0.8423 0.7484 350.3353 322.1140
67814 GOODS-S 53.135260 -27.799560 0.8400 0.7692 1.1629 0.1449 1.3263 0.1227 889.2873 398.1389
67929 GOODS-S 53.135260 -27.799560 0.8700 0.5409 1.3661 14.7331 6.6291 57.1587 258.8610 248.1980
68303 GOODS-S 53.135260 -27.799560 1.0700 1.0033 0.7047 1.0030 0.8618 0.7879 318.8635 274.8060
68414 GOODS-S 53.135260 -27.799560 1.0300 0.7804 1.5153 1.2740 1.6210 1.0015 295.4183 228.4911
68430 GOODS-N 53.135260 -27.799560 0.9200 0.7884 1.4114 1.5891 1.2667 0.9612 193.1069 187.5016
68675 GOODS-S 53.135260 -27.799560 0.6700 0.6945 1.0602 0.1165 1.2715 0.0938 2301.0761 2162.2393
68827 GOODS-S 53.135260 -27.799560 1.3100 1.2498 1.2556 0.1448 0.6967 0.0670 3687.8846 2742.7872
68841 GOODS-S 53.135260 -27.799560 1.1000 1.1146 1.0583 0.2274 1.3172 0.2148 378.1782 365.7855
68852 GOODS-S 53.135260 -27.799560 0.7500 0.6508 1.0293 0.6533 1.0631 0.5360 420.2801 359.7246
68918 GOODS-S 53.135260 -27.799560 1.1100 1.3564 3.7367 11.4423 1.5930 2.4185 340.7142 325.0312
68982 GOODS-S 53.135260 -27.799560 0.8200 0.8388 1.0802 0.2716 1.3371 0.2494 466.1440 458.2252
69195 GOODS-N 53.135260 -27.799560 1.0400 0.9366 0.8859 1.1359 1.3344 0.9590 359.9421 335.2037
69234 GOODS-S 53.135260 -27.799560 0.9900 0.8892 0.8342 0.3784 1.0329 0.3484 424.1510 223.4466
69419 GOODS-N 53.135260 -27.799560 0.8200 0.8266 1.1239 0.6108 1.4631 0.5958 330.7711 330.6684
69713 GOODS-S 53.135260 -27.799560 0.6900 0.4567 nan nan inf inf 629.1542 478.9953
69850 GOODS-N 53.135260 -27.799560 0.8800 0.7847 1.0440 0.2765 1.0414 0.1989 722.0866 558.8514
70128 GOODS-S 53.135260 -27.799560 0.7600 0.7368 1.1462 1.2881 1.0215 0.7109 186.6271 176.8884
70225 GOODS-S 53.135260 -27.799560 0.7000 0.3560 nan nan nan nan 246.7001 229.0083
70232 GOODS-S 53.135260 -27.799560 0.6700 0.5655 1.0680 0.1187 2.0688 0.1785 2640.6000 972.0783
70340 GOODS-S 53.135260 -27.799560 1.0500 0.9586 0.9611 1.2244 1.1358 0.9658 304.2110 271.7492
70677 GOODS-N 53.135260 -27.799560 0.9800 0.9412 1.2370 0.5232 1.3924 0.4178 306.8585 290.9447
70821 GOODS-S 53.135260 -27.799560 0.7800 0.3148 nan nan nan nan 246.9313 230.1841
70859 GOODS-S 53.135260 -27.799560 0.7600 0.9821 1.0421 0.9131 0.9408 0.6240 172.7620 130.6196
70874 GOODS-N 53.135260 -27.799560 0.8700 0.9039 1.2879 0.4146 1.3547 0.3329 187.8751 169.3439
70878 GOODS-S 53.135260 -27.799560 0.7200 0.6644 1.4451 0.3897 1.3007 0.2377 272.3132 213.1045
70974 GOODS-N 53.135260 -27.799560 0.9600 0.9637 1.6726 1.6287 1.6745 1.0932 205.5888 199.4474
71524 GOODS-S 53.135260 -27.799560 1.2000 1.2000 1.2924 0.2686 1.2806 0.1970 3964.8981 3964.8981
71560 GOODS-S 53.135260 -27.799560 0.6800 0.6578 1.1632 0.5170 1.5924 0.5132 163.2506 154.8744
71864 GOODS-S 53.135260 -27.799560 0.7600 1.2728 1.5088 0.6940 1.5246 0.4336 737.3851 669.2660
71891 GOODS-N 53.135260 -27.799560 0.9000 0.9731 1.5908 1.9842 1.2420 1.4476 232.7488 230.3494
71974 GOODS-N 53.135260 -27.799560 0.6200 0.6092 1.5238 1.2058 1.8094 1.0551 215.2806 213.4233
72113 GOODS-S 53.135260 -27.799560 1.0900 1.2145 0.6265 1.2997 0.7848 1.2499 289.7055 250.2462
72261 GOODS-N 53.135260 -27.799560 0.9100 0.7154 1.6676 1.3916 1.7375 1.1308 328.9933 263.2184
72319 GOODS-S 53.135260 -27.799560 0.9500 1.1302 1.0753 1.0895 1.0027 0.7108 430.2478 337.1273
72684 GOODS-N 53.135260 -27.799560 1.2000 1.0754 1.4333 0.4097 1.3384 0.2726 1020.8190 528.0896
72800 GOODS-N 53.135260 -27.799560 0.6500 0.7059 1.2053 0.1294 1.5491 0.1115 875.2492 455.5697
72905 GOODS-S 53.135260 -27.799560 0.6600 0.7002 1.1297 0.1250 1.4911 0.1114 470.8475 280.9703
72986 GOODS-N 53.135260 -27.799560 0.9300 0.9750 1.0901 0.3171 1.1402 0.2452 601.4534 564.1484
73331 GOODS-N 53.135260 -27.799560 0.9300 0.8207 1.2414 1.0280 1.3250 0.8649 269.3135 242.8257
73333 GOODS-S 53.135260 -27.799560 0.6200 0.6093 1.2366 0.1404 1.4264 0.1121 130.5947 103.4196
73423 GOODS-S 53.135260 -27.799560 0.6800 0.6257 1.1731 0.4718 1.5428 0.4211 296.5840 168.9559
73549 GOODS-S 53.135260 -27.799560 0.6900 0.5362 2.6698 3.8054 6.5668 8.8565 286.5415 207.6727
73626 GOODS-N 53.135260 -27.799560 0.7600 0.7031 1.0654 1.1051 1.0283 0.7426 306.4900 282.3769
73866 GOODS-S 53.135260 -27.799560 0.6900 0.6569 1.1025 0.3799 1.5534 0.3790 259.9832 221.7478
73974 GOODS-S 53.135260 -27.799560 1.2000 1.1855 1.6906 0.4856 1.6452 0.3651 461.4995 455.5559
74039 GOODS-S 53.135260 -27.799560 0.7600 0.7600 1.9463 0.5293 1.5508 0.2796 841.2349 841.2349
74060 GOODS-S 53.135260 -27.799560 0.6600 0.6662 1.3972 0.1553 1.8891 0.1421 334.8887 319.7633
74133 GOODS-S 53.135260 -27.799560 0.6600 0.6660 1.2821 0.1344 1.7296 0.1221 826.4238 805.2900
74166 GOODS-S 53.135260 -27.799560 0.9300 0.7759 1.2206 0.7234 1.1154 0.5034 842.6304 737.4589
74217 GOODS-S 53.135260 -27.799560 0.9400 1.0357 1.4555 2.0891 1.1962 0.9789 435.1431 382.6234
74418 GOODS-S 53.135260 -27.799560 0.6900 0.6044 1.2099 0.7945 1.6894 0.7699 230.8703 194.4966
74641 GOODS-N 53.135260 -27.799560 0.8500 0.8500 1.2229 0.2101 1.4036 0.1834 597.2212 597.2212
74943 GOODS-N 53.135260 -27.799560 1.0100 0.9081 1.1459 0.7965 1.1454 0.5846 385.6742 354.1971
74950 GOODS-S 53.135260 -27.799560 1.0900 1.1835 1.2020 1.1838 1.4250 1.1014 260.4409 228.6471
75495 GOODS-S 53.135260 -27.799560 0.6800 0.5848 1.1522 0.3971 1.7107 0.4268 344.8093 183.0466
75556 GOODS-N 53.135260 -27.799560 0.8800 0.7514 1.2686 0.3670 1.2792 0.2643 488.1110 298.8339
75604 GOODS-S 53.135260 -27.799560 0.6300 0.5980 1.2903 1.4271 1.8290 1.4914 223.8966 216.6789
75659 GOODS-N 53.135260 -27.799560 0.9200 0.8226 1.1111 0.1577 1.1352 0.1149 2012.8646 1087.1080
75733 GOODS-S 53.135260 -27.799560 0.6800 0.6153 1.4011 1.2201 1.7880 1.0374 190.1520 163.6466
75938 GOODS-S 53.135260 -27.799560 0.9100 0.8973 1.9498 5.5270 2.0652 3.5652 300.7382 298.5869
75971 GOODS-S 53.135260 -27.799560 0.8900 0.7941 1.2551 1.0668 1.4228 0.9775 263.3730 239.1728
76094 GOODS-S 53.135260 -27.799560 0.6800 0.6888 1.2297 0.1262 1.6512 0.1142 1126.1284 1091.5505
76098 GOODS-N 53.135260 -27.799560 0.8600 0.9383 1.4614 0.1674 1.8287 0.1566 1833.8481 577.5972
76123 GOODS-N 53.135260 -27.799560 0.7900 0.5885 2.7327 7.5142 1.6249 2.1479 243.5734 209.1801
76150 GOODS-S 53.135260 -27.799560 0.6300 0.6595 8.6883 69.8042 4.0675 12.1810 214.7043 191.7451
76197 GOODS-S 53.135260 -27.799560 1.0500 1.0231 1.0457 0.4330 1.0453 0.3282 271.1801 248.8379
76612 GOODS-S 53.135260 -27.799560 0.8700 0.8784 1.1481 0.3312 1.1548 0.2495 398.5308 395.6089
76706 GOODS-S 53.135260 -27.799560 0.7800 0.7805 1.1856 1.1849 1.2025 0.9536 168.6490 167.3803
76863 GOODS-S 53.135260 -27.799560 1.0100 1.0157 1.1940 0.3198 1.4146 0.2681 248.0005 243.3891
76864 GOODS-S 53.135260 -27.799560 0.8400 0.7691 1.1462 0.4908 1.2774 0.3997 350.5134 289.3851
76889 GOODS-N 53.135260 -27.799560 0.9400 1.0073 1.4961 0.3214 1.5266 0.2333 608.0747 382.3266
76917 GOODS-N 53.135260 -27.799560 0.9300 0.7980 1.1847 0.2290 1.1744 0.1606 1556.8790 872.1766
76924 GOODS-S 53.135260 -27.799560 0.8500 0.9883 1.7974 3.2758 2.2192 3.4387 263.7563 253.3156
76936 GOODS-N 53.135260 -27.799560 0.6900 0.6461 1.1928 0.3622 1.5934 0.3325 307.7918 238.3209
77037 GOODS-N 53.135260 -27.799560 0.8400 1.3760 3.2933 6.2357 2.3552 2.7943 227.9710 218.5979
77405 GOODS-S 53.135260 -27.799560 0.5800 0.6071 3.6192 18.3889 2.0911 4.9618 101.6543 94.1322
77522 GOODS-S 53.135260 -27.799560 0.6300 0.6300 1.2814 0.1461 1.5090 0.1190 791.1988 791.1988
77539 GOODS-S 53.135260 -27.799560 0.6900 0.6249 1.0265 0.7783 1.1571 0.5067 324.6306 293.0105
77668 GOODS-S 53.135260 -27.799560 0.7200 0.6022 2.0341 2.0297 1.7759 1.4596 366.0958 310.5684
77819 GOODS-N 53.135260 -27.799560 0.8400 0.7806 1.1474 1.3673 1.5393 1.3110 305.3037 294.3812
77821 GOODS-S 53.135260 -27.799560 1.0000 1.0950 1.2402 0.2234 1.3152 0.1710 1133.9581 664.4611
77853 GOODS-S 53.135260 -27.799560 0.6600 0.5759 1.0321 2.5925 1.4669 2.9765 166.9429 153.7683
78036 GOODS-S 53.135260 -27.799560 1.2000 0.5414 1.8068 1.5525 3.6137 2.8281 623.1276 300.3511
78077 GOODS-S 53.135260 -27.799560 0.7400 0.7173 1.3766 0.1331 1.1721 0.0783 4332.9504 4145.5154
78140 GOODS-S 53.135260 -27.799560 1.0400 0.9244 1.2817 0.7060 1.3038 0.5051 278.6081 236.6185
78170 GOODS-S 53.135260 -27.799560 0.5900 0.5918 1.6377 2.0382 1.9241 1.7284 213.2365 212.4836
78180 GOODS-N 53.135260 -27.799560 0.7800 0.6480 1.4833 1.1589 1.0173 0.5890 307.5789 235.8856
78224 GOODS-S 53.135260 -27.799560 0.6700 0.6720 1.4817 1.2258 1.7521 1.0008 247.6995 246.7728
78273 GOODS-S 53.135260 -27.799560 0.7500 0.7384 1.1660 1.8753 1.1514 1.3218 149.7944 147.0091
78345 GOODS-N 53.135260 -27.799560 0.9000 0.8750 1.0856 0.3408 1.0165 0.2455 514.4131 498.5050
78415 GOODS-S 53.135260 -27.799560 0.6600 0.6774 1.2831 0.1533 1.7193 0.1396 522.5464 414.3477
78527 GOODS-S 53.135260 -27.799560 0.7800 0.3759 nan nan nan nan 2336.8404 1019.8210
78710 GOODS-S 53.135260 -27.799560 1.1600 1.1457 1.2712 0.4590 1.3464 0.3644 415.0452 412.3638
78761 GOODS-S 53.135260 -27.799560 1.0300 0.8911 0.9660 0.7696 1.0789 0.6376 403.6149 311.9937
79058 GOODS-S 53.135260 -27.799560 0.9200 0.9565 1.0245 0.3140 1.0019 0.2259 662.1331 614.6082
79185 GOODS-N 53.135260 -27.799560 0.8500 0.8500 1.3606 0.1458 1.6544 0.1304 1300.5701 1300.5701
79756 GOODS-S 53.135260 -27.799560 1.1400 1.2534 1.8708 2.0423 1.2144 1.2663 400.6389 389.6306
79891 GOODS-S 53.135260 -27.799560 0.9500 0.8054 0.8377 1.1124 1.1054 0.8858 324.9219 309.6966
79895 GOODS-S 53.135260 -27.799560 0.6700 0.6719 1.3481 0.6143 1.8818 0.6290 281.1617 276.9955
79903 GOODS-N 53.135260 -27.799560 0.6800 0.6579 1.0546 0.1545 1.2979 0.1298 1983.4540 1960.7392
79928 GOODS-N 53.135260 -27.799560 0.8800 0.8076 1.0664 0.1554 1.1037 0.1158 1570.9192 1043.4935
79986 GOODS-N 53.135260 -27.799560 0.8300 0.8058 0.9307 1.6742 1.1600 1.3531 143.1960 142.6163
80115 GOODS-S 53.135260 -27.799560 0.6000 0.5685 1.1425 0.2295 1.9421 0.3185 290.1560 213.1260
80255 GOODS-S 53.135260 -27.799560 0.9500 0.9117 1.1031 0.2182 1.1266 0.1587 702.4806 519.3608
80411 GOODS-N 53.135260 -27.799560 0.8400 0.8622 1.3786 0.1996 1.6863 0.1825 360.3242 298.9875
80446 GOODS-S 53.135260 -27.799560 0.6600 0.6490 1.3971 1.7586 1.9469 1.8830 122.2604 121.9860
80500 GOODS-S 53.135260 -27.799560 0.6600 0.5274 5.0885 2.7552 10.7824 5.6949 1555.5504 739.6187
80618 GOODS-S 53.135260 -27.799560 0.7100 0.7772 1.5036 1.1981 2.6509 1.4618 363.7895 298.2371
80892 GOODS-S 53.135260 -27.799560 1.0700 0.9776 0.7592 0.8100 0.8607 0.6482 367.3059 305.4951
81011 GOODS-S 53.135260 -27.799560 0.9300 0.9353 1.2994 0.1384 1.4395 0.1110 1425.1205 1401.5424
81021 GOODS-S 53.135260 -27.799560 1.0900 1.1685 0.8163 0.2378 1.2910 0.2583 698.7626 524.8858
81024 GOODS-N 53.135260 -27.799560 0.8200 0.8267 1.5028 0.6426 1.9792 0.6548 360.1935 340.3691
81296 GOODS-S 53.135260 -27.799560 1.0200 1.0065 1.3732 0.9834 1.3136 0.6890 304.8854 298.2660
81384 GOODS-S 53.135260 -27.799560 0.6900 0.6568 1.5361 1.4016 1.8941 1.0541 150.9790 148.5383
81946 GOODS-N 53.135260 -27.799560 0.8600 0.8477 1.2292 1.2608 1.3189 1.0845 172.4335 169.9982
82075 GOODS-S 53.135260 -27.799560 0.8200 1.1593 2.8576 3.1927 2.8778 2.1842 296.6972 258.4535
82112 GOODS-S 53.135260 -27.799560 0.6900 0.6249 1.1668 1.1072 1.6362 1.0411 226.3868 203.4183
82141 GOODS-N 53.135260 -27.799560 0.9500 0.9370 1.1453 0.1380 1.2005 0.1057 1098.4936 1063.6032
82267 GOODS-N 53.135260 -27.799560 0.9200 0.9200 1.1678 0.1981 1.3244 0.1629 403.3364 403.3364
82314 GOODS-S 53.135260 -27.799560 1.0000 0.8867 0.8782 0.3622 1.2027 0.3720 562.6947 378.7833
82391 GOODS-N 53.135260 -27.799560 0.8600 0.8236 1.7495 1.5642 1.0367 0.6403 375.5863 348.9642
82400 GOODS-N 53.135260 -27.799560 0.6700 0.5954 1.1059 0.6551 1.4802 0.7233 380.9545 297.5656
82523 GOODS-N 53.135260 -27.799560 0.9600 0.8724 1.2158 0.4694 1.3199 0.3786 359.4319 305.1843
82693 GOODS-N 53.135260 -27.799560 0.8500 0.8019 0.9224 0.3333 0.9907 0.2583 697.8824 601.1027
83248 GOODS-S 53.135260 -27.799560 0.6300 0.6191 1.4001 0.2003 1.6277 0.1657 460.5468 422.7790
83434 GOODS-N 53.135260 -27.799560 0.8700 0.6117 1.7724 1.7471 1.2205 0.7918 398.6216 359.9995
83503 GOODS-N 53.135260 -27.799560 0.8600 0.8607 1.3109 0.1332 1.5820 0.1178 442.0525 433.6342
83628 GOODS-N 53.135260 -27.799560 0.8700 0.8576 1.2219 0.5934 1.4266 0.5044 226.8626 226.0820
83686 GOODS-S 53.135260 -27.799560 0.8500 0.7904 1.1005 0.1896 1.1710 0.1477 1359.1244 1047.2094
83749 GOODS-S 53.135260 -27.799560 0.6800 0.4997 -inf inf -inf inf 1856.0848 1699.7823
83789 GOODS-S 53.135260 -27.799560 0.7600 0.5998 2.1758 1.1584 1.6742 0.5695 1554.2321 1096.3989
83834 GOODS-S 53.135260 -27.799560 0.6100 0.5381 2.0521 0.3649 4.3346 0.7065 1152.6597 634.8214
83975 GOODS-S 53.135260 -27.799560 0.6300 0.5980 1.1303 0.1645 1.3447 0.1416 263.9246 182.3761
83999 GOODS-N 53.135260 -27.799560 0.8900 0.9018 1.2625 0.3157 1.2901 0.2319 366.1665 364.8895
84028 GOODS-N 53.135260 -27.799560 0.8300 0.8180 1.4477 1.6529 1.5383 1.2323 233.0137 230.4954
84033 GOODS-N 53.135260 -27.799560 0.7300 0.7764 1.4905 0.7169 1.4255 0.4730 382.7505 354.9578
84077 GOODS-N 53.135260 -27.799560 0.9400 1.2746 1.1674 0.2578 1.3742 0.2044 3955.1782 2816.3523
84143 GOODS-N 53.135260 -27.799560 0.9100 0.7684 1.0519 0.5789 0.9544 0.3911 415.7011 318.1646
84173 GOODS-S 53.135260 -27.799560 0.7200 0.6432 1.5881 0.5814 1.5901 0.4185 359.5544 274.9633
84197 GOODS-S 53.135260 -27.799560 0.9200 0.8823 1.1097 0.2952 1.0906 0.2113 553.8089 501.3505
84233 GOODS-N 53.135260 -27.799560 0.9300 1.0596 1.1065 1.3138 0.8213 0.9332 247.3591 228.8134
84321 GOODS-N 53.135260 -27.799560 0.6400 0.7483 2.1179 4.6421 2.5166 3.9831 227.6672 215.4745
84478 GOODS-S 53.135260 -27.799560 0.7300 0.5919 1.4061 0.3049 1.4168 0.2212 895.8936 243.3916
84543 GOODS-N 53.135260 -27.799560 0.9100 0.9780 1.1306 0.8423 1.2604 0.6560 273.5849 223.7322
84551 GOODS-N 53.135260 -27.799560 0.8100 0.7745 3.4020 14.2638 11.4434 65.8208 339.9308 332.1928
84617 GOODS-N 53.135260 -27.799560 0.8900 1.1798 1.8390 1.5854 1.7622 1.1699 454.7535 436.0846
84625 GOODS-S 53.135260 -27.799560 0.6400 0.5870 1.1286 0.1582 1.4789 0.1499 568.0380 218.9684
84649 GOODS-N 53.135260 -27.799560 0.8400 0.8623 1.4951 0.2758 1.7287 0.2301 336.7788 223.8781
84974 GOODS-N 53.135260 -27.799560 0.8900 0.8649 1.0909 0.2541 1.1427 0.1974 317.7425 226.9914
85002 GOODS-N 53.135260 -27.799560 0.8700 0.8454 1.6626 0.7958 2.1389 0.7230 458.2786 429.8448
85023 GOODS-N 53.135260 -27.799560 0.8200 0.8389 1.1771 0.4981 1.6040 0.4567 282.4443 268.0424
85073 GOODS-N 53.135260 -27.799560 0.9700 0.9822 1.1660 0.2407 1.4822 0.2069 424.6176 415.9186
85100 GOODS-N 53.135260 -27.799560 1.0200 1.3872 1.3709 0.6117 1.3890 0.4382 736.3656 605.2138
85356 GOODS-N 53.135260 -27.799560 0.8400 0.8400 1.3580 0.2667 1.6335 0.2413 190.8564 190.8564
85374 GOODS-S 53.135260 -27.799560 0.9500 0.6807 2.1203 3.4419 2.0677 2.4354 234.1818 171.2531
85410 GOODS-N 53.135260 -27.799560 0.7500 0.3739 nan nan nan nan 1292.1145 948.7343
85489 GOODS-N 53.135260 -27.799560 0.8500 0.8500 1.8012 0.8108 1.9227 0.6501 337.6890 337.6890
85517 GOODS-S 53.135260 -27.799560 0.8800 0.8963 1.7673 0.5353 0.8743 0.2892 2341.3269 2254.0015
85552 GOODS-S 53.135260 -27.799560 0.9100 0.9783 1.3217 0.6577 1.4892 0.5641 246.6606 214.6088
85844 GOODS-S 53.135260 -27.799560 1.0300 1.1854 3.4961 2.7954 1.0130 1.1761 1554.5988 1456.6941
86051 GOODS-S 53.135260 -27.799560 0.6500 0.5468 1.3445 0.1558 3.2267 0.3257 2259.4983 1249.3208
86234 GOODS-N 53.135260 -27.799560 0.9300 0.6731 1.0151 0.7676 0.9187 0.5736 413.2259 393.6435
86297 GOODS-N 53.135260 -27.799560 0.5700 0.6122 2.3452 3.5532 1.9160 1.9491 205.2230 190.2007
86941 GOODS-N 53.135260 -27.799560 0.8400 0.8496 1.6735 2.1620 2.4058 2.2480 292.4406 290.7363
87368 GOODS-N 53.135260 -27.799560 0.8200 0.8389 1.3822 0.2947 1.7753 0.2721 693.5587 611.3474
87420 GOODS-S 53.135260 -27.799560 0.7300 0.7300 1.3331 0.4181 1.2260 0.2664 300.3768 300.3768
87433 GOODS-N 53.135260 -27.799560 0.7700 0.6910 1.4489 0.2131 1.2984 0.1333 1161.0255 575.0464
87585 GOODS-N 53.135260 -27.799560 0.8400 0.8400 1.3976 0.2037 1.7138 0.1792 308.3087 308.3087
87611 GOODS-S 53.135260 -27.799560 1.0600 1.3689 2.2753 3.1691 1.5913 1.4482 314.9785 303.4554
87634 GOODS-N 53.135260 -27.799560 0.7400 0.7059 1.4416 0.8175 1.5438 0.6573 308.7517 290.0512
87735 GOODS-S 53.135260 -27.799560 0.7200 0.5635 2.2245 3.7697 2.6046 3.2108 397.5221 368.9206
87783 GOODS-S 53.135260 -27.799560 1.1300 0.6810 1.0226 0.1466 1.5433 0.2144 20177.1724 14406.5987
87823 GOODS-N 53.135260 -27.799560 0.9800 0.9668 1.2316 0.2985 1.3495 0.2352 342.0472 330.7367
87827 GOODS-S 53.135260 -27.799560 0.6300 0.6192 1.3925 0.2524 1.6808 0.2155 159.3773 140.5085
87843 GOODS-S 53.135260 -27.799560 0.9500 1.0126 1.1742 0.1771 1.2092 0.1353 597.6256 526.0183
87958 GOODS-S 53.135260 -27.799560 0.6600 0.7003 1.1622 0.1876 1.5004 0.1622 365.2044 289.0451
88056 GOODS-N 53.135260 -27.799560 0.8400 1.3161 1.1365 3.7473 1.5019 2.7674 244.3210 229.8464
88069 GOODS-S 53.135260 -27.799560 0.7800 0.6582 1.4251 0.2087 1.2911 0.1284 1420.5998 529.6697
88171 GOODS-N 53.135260 -27.799560 0.7400 0.5441 1.7658 1.8448 4.2996 4.0645 483.4207 325.9262
88175 GOODS-N 53.135260 -27.799560 1.0500 0.9711 1.0378 0.4602 1.2905 0.3816 460.6324 424.5170
88222 GOODS-S 53.135260 -27.799560 1.1100 1.1194 1.1167 0.2705 1.4866 0.2714 343.5758 341.2388
88265 GOODS-N 53.135260 -27.799560 0.8600 1.4069 1.3907 0.7689 1.6276 0.6834 722.8636 505.2119
88566 GOODS-N 53.135260 -27.799560 0.7900 0.8223 1.4278 0.2521 1.7781 0.2256 581.1244 428.3452
88679 GOODS-N 53.135260 -27.799560 0.8400 0.8623 1.4098 0.2587 1.6309 0.2195 462.6106 415.8525
88768 GOODS-N 53.135260 -27.799560 0.9500 0.9370 1.5804 1.2415 1.7838 0.9566 220.9638 220.8807
88858 GOODS-N 53.135260 -27.799560 0.8200 0.7169 1.1358 0.2776 1.3746 0.2423 346.6065 265.3700
88880 GOODS-N 53.135260 -27.799560 0.5900 0.4028 nan nan nan nan 171.7521 135.6230
89063 GOODS-S 53.135260 -27.799560 0.8700 0.6117 -7.4184 40.3565 -2.1660 2.8532 735.5957 704.0968
89122 GOODS-S 53.135260 -27.799560 0.7600 0.6922 1.1626 0.2766 1.0101 0.1742 496.7400 305.5707
89514 GOODS-N 53.135260 -27.799560 0.8300 0.8444 1.3549 0.2480 1.7062 0.2268 311.2167 256.3309
89845 GOODS-N 53.135260 -27.799560 0.9200 0.8701 1.1259 0.1314 1.1350 0.0952 2348.0241 2209.3800
89993 GOODS-N 53.135260 -27.799560 0.9200 0.8111 1.0923 0.1480 1.1247 0.1074 2478.6305 2440.2316
90078 GOODS-S 53.135260 -27.799560 0.6200 0.7117 1.3363 1.4267 1.3345 1.0963 168.2040 164.6140
90095 GOODS-N 53.135260 -27.799560 0.8400 0.8498 1.5536 0.9260 1.9209 0.8079 335.7898 335.2165
90198 GOODS-S 53.135260 -27.799560 0.8300 0.5593 1.3586 1.7131 2.5444 2.9881 335.3802 316.1504
90325 GOODS-S 53.135260 -27.799560 0.6800 0.6258 1.1891 0.1233 1.5311 0.1062 692.9267 270.8415
90517 GOODS-N 53.135260 -27.799560 0.8800 0.9091 1.0857 1.2740 1.3717 1.4460 301.2777 282.2485
90526 GOODS-N 53.135260 -27.799560 0.8900 0.8409 1.3118 0.3487 1.1716 0.2408 507.2362 417.4772
90546 GOODS-S 53.135260 -27.799560 1.0900 1.0957 1.2019 0.1480 1.6150 0.1436 966.6962 937.4154
90557 GOODS-N 53.135260 -27.799560 0.8400 0.8156 1.0361 0.1278 1.1898 0.1084 2460.5990 2390.0887
90740 GOODS-S 53.135260 -27.799560 0.8400 0.8039 1.0888 0.2668 1.1913 0.2146 786.4922 748.9667
90791 GOODS-S 53.135260 -27.799560 0.6600 0.6274 1.1774 0.1531 1.5580 0.1366 894.1817 781.5129
90879 GOODS-N 53.135260 -27.799560 1.0000 0.9108 1.1820 0.3795 1.3316 0.3075 471.8328 380.6997
91095 GOODS-S 53.135260 -27.799560 1.0000 1.1097 1.1307 0.1170 1.3565 0.0983 3119.1991 1482.7004
91139 GOODS-S 53.135260 -27.799560 0.9900 0.9510 1.1950 0.1594 1.3251 0.1259 1872.4471 1729.4121
91148 GOODS-N 53.135260 -27.799560 0.8400 0.8157 1.3437 0.3086 1.5079 0.2605 262.3877 249.2577
91414 GOODS-S 53.135260 -27.799560 0.6000 0.5894 1.1647 0.8389 1.5488 0.8223 224.4652 221.3331
91429 GOODS-S 53.135260 -27.799560 1.1900 0.4790 inf inf inf inf 728.7783 314.6227
91472 GOODS-S 53.135260 -27.799560 1.3100 1.3281 0.9888 0.2992 0.1167 0.0678 1295.8616 1277.7647
91517 GOODS-S 53.135260 -27.799560 0.9900 1.0191 1.1383 0.3680 1.3559 0.3353 450.8011 420.9127
91584 GOODS-S 53.135260 -27.799560 0.6300 0.5980 1.3342 0.6993 1.4847 0.5400 207.9342 199.7687
91611 GOODS-N 53.135260 -27.799560 0.8200 0.7960 1.7347 2.2696 2.7416 2.8380 235.4618 227.8466
91612 GOODS-N 53.135260 -27.799560 1.1900 1.1331 1.3029 0.2584 1.3321 0.1961 999.2603 879.5097
91651 GOODS-S 53.135260 -27.799560 1.0100 1.0569 1.1175 0.1729 1.3781 0.1465 654.7073 608.4443
91869 GOODS-S 53.135260 -27.799560 1.1800 1.0058 1.5450 0.8431 1.7184 0.6702 484.2899 446.2581
91947 GOODS-N 53.135260 -27.799560 0.8400 0.7921 1.0555 0.2351 1.1581 0.1866 1163.1592 1080.8080
91951 GOODS-N 53.135260 -27.799560 0.9900 0.9507 1.1773 1.4534 1.2255 1.0097 252.1132 238.4423
92233 GOODS-N 53.135260 -27.799560 0.8800 0.8839 1.1641 0.3298 1.2173 0.2622 325.9196 323.0712
92399 GOODS-S 53.135260 -27.799560 0.8300 0.7263 0.4187 1.0299 1.1449 1.6646 274.9253 262.4104
92455 GOODS-S 53.135260 -27.799560 0.7100 0.5356 41.1975 1529.5975 119.1878 4423.7158 196.6026 176.5933
92468 GOODS-S 53.135260 -27.799560 0.7200 0.5827 2.0317 1.6492 1.7901 0.9920 328.2294 206.5773
92535 GOODS-N 53.135260 -27.799560 0.8300 0.8300 1.2069 0.1657 1.3714 0.1376 270.1345 270.1345
92859 GOODS-N 53.135260 -27.799560 0.8900 0.8651 1.2985 0.3722 1.4027 0.3058 310.5713 282.7920
92860 GOODS-S 53.135260 -27.799560 0.7300 0.7764 1.3926 0.2655 1.1437 0.1562 1237.6702 1203.7383
92959 GOODS-S 53.135260 -27.799560 0.9000 0.7811 1.1027 0.5944 0.8906 0.3729 464.5563 316.1060
93025 GOODS-N 53.135260 -27.799560 1.0000 0.7645 1.7844 1.3543 1.3759 0.8572 431.7680 295.3292
93128 GOODS-S 53.135260 -27.799560 0.9400 0.9272 1.0511 0.2569 1.0674 0.1934 402.7790 385.2733
93154 GOODS-N 53.135260 -27.799560 0.6900 0.6788 1.8618 5.1906 1.5242 3.0546 212.4122 212.2350
93218 GOODS-S 53.135260 -27.799560 0.9400 0.9802 1.1784 1.2011 0.9409 0.7972 320.0613 311.3031
93370 GOODS-S 53.135260 -27.799560 0.6600 0.6490 1.2547 0.2838 1.8228 0.2824 310.7349 306.4703
93405 GOODS-N 53.135260 -27.799560 0.7300 0.6961 1.2647 0.5004 1.2509 0.3306 601.5916 552.0867
93602 GOODS-N 53.135260 -27.799560 0.9400 0.9400 1.3794 0.1406 1.4930 0.1109 412.1064 412.1064
93719 GOODS-N 53.135260 -27.799560 0.8100 0.8100 1.4031 1.5699 1.7718 1.3595 253.5369 253.5369
93811 GOODS-S 53.135260 -27.799560 0.9400 0.9019 1.1423 0.2711 1.1183 0.1948 738.2051 704.5123
93849 GOODS-S 53.135260 -27.799560 1.0500 0.7079 1.8221 2.5508 1.9121 2.1832 351.0536 299.7796
93984 GOODS-S 53.135260 -27.799560 1.0300 0.9394 1.0611 0.1688 1.1277 0.1276 1516.4563 704.2405
93988 GOODS-S 53.135260 -27.799560 0.8800 0.8076 1.1875 0.2249 1.2833 0.1773 606.7017 424.7387
94085 GOODS-N 53.135260 -27.799560 1.0300 1.1099 1.0940 0.1334 1.3331 0.1147 3727.4266 2386.6310
94117 GOODS-N 53.135260 -27.799560 1.1200 1.0515 0.9337 0.2634 1.1037 0.2388 667.0190 505.0106
94128 GOODS-S 53.135260 -27.799560 0.9700 0.9313 1.1081 0.1845 1.2794 0.1523 1058.0206 992.3109
94262 GOODS-N 53.135260 -27.799560 0.8700 0.8332 1.1716 0.1939 1.2990 0.1601 947.2807 715.9105
94356 GOODS-S 53.135260 -27.799560 1.1200 1.1059 1.3504 0.3069 1.2589 0.2303 337.8671 330.5787
94458 GOODS-N 53.135260 -27.799560 0.8600 1.0828 2.6141 2.8300 4.3031 3.7518 543.3547 352.4217
94632 GOODS-S 53.135260 -27.799560 0.8200 1.0459 1.2493 0.7760 2.1574 0.8514 904.8535 720.8073
94782 GOODS-N 53.135260 -27.799560 0.9400 0.7962 1.1489 1.7200 1.1049 1.1797 316.4382 299.2169
94858 GOODS-S 53.135260 -27.799560 0.9500 0.8992 0.7965 0.3911 0.9033 0.3153 479.2890 462.7943
95110 GOODS-S 53.135260 -27.799560 1.2200 1.2200 1.8698 0.5121 1.8136 0.3481 361.4330 361.4330
95330 GOODS-S 53.135260 -27.799560 0.7400 0.7400 1.5956 0.5424 1.2864 0.3182 373.2092 373.2092
95449 GOODS-N 53.135260 -27.799560 0.9400 0.9019 1.1156 0.2774 1.0903 0.2046 638.4865 593.6109
95469 GOODS-S 53.135260 -27.799560 0.9300 0.9300 1.2563 1.3709 1.0524 0.8897 170.6256 170.6256
95800 GOODS-S 53.135260 -27.799560 0.7400 0.5721 1.3853 0.3921 1.8033 0.4015 751.2169 209.1368
95898 GOODS-N 53.135260 -27.799560 0.7700 0.7240 1.3824 0.9022 1.2978 0.6560 245.2791 223.8943
96013 GOODS-S 53.135260 -27.799560 0.9500 0.9720 1.2042 1.0721 1.1920 0.7823 258.0882 240.6645
96481 GOODS-S 53.135260 -27.799560 0.6500 0.5764 1.1244 0.1588 1.8654 0.1934 1100.7963 392.9340
96778 GOODS-S 53.135260 -27.799560 0.7500 0.4340 nan nan inf inf 193.4579 167.8279
96907 GOODS-S 53.135260 -27.799560 0.9000 0.9328 1.7124 2.7558 1.2933 1.5603 199.8141 190.6185
96942 GOODS-S 53.135260 -27.799560 0.7500 0.6103 1.2972 0.5861 1.1400 0.3886 406.2452 226.3563
97568 GOODS-S 53.135260 -27.799560 1.0100 1.0160 1.0861 0.1300 1.2304 0.1046 2774.7774 2769.6549
97904 GOODS-N 53.135260 -27.799560 0.6500 0.5183 inf inf inf inf 2003.0453 542.9034
98048 GOODS-S 53.135260 -27.799560 1.2400 1.2105 1.6848 0.2343 1.6400 0.1689 864.7721 507.5065
98198 GOODS-S 53.135260 -27.799560 0.8300 0.8178 1.2750 0.6980 1.4714 0.6072 166.5313 163.0276
98209 GOODS-N 53.135260 -27.799560 0.7300 0.7886 1.4819 0.2116 1.3389 0.1310 1458.4686 1159.2069
98333 GOODS-S 53.135260 -27.799560 1.2400 1.1130 1.4147 0.2770 1.4479 0.2030 558.6956 548.2118
98384 GOODS-S 53.135260 -27.799560 1.1000 1.0722 1.1938 0.2961 1.5191 0.2770 293.8541 244.2208
98698 GOODS-S 53.135260 -27.799560 0.8500 0.8377 1.2060 0.1580 1.3717 0.1309 1155.5792 1145.2979
98997 GOODS-N 53.135260 -27.799560 0.9900 0.9900 1.1780 0.2218 1.4022 0.1909 648.9353 648.9353
99014 GOODS-S 53.135260 -27.799560 0.6800 0.6153 1.2052 0.1334 1.5074 0.1125 1651.1335 557.2949
99156 GOODS-S 53.135260 -27.799560 0.9500 0.9719 1.1242 0.1761 1.0704 0.1239 1955.1278 1948.0587
99381 GOODS-S 53.135260 -27.799560 0.9300 0.8207 0.9999 0.6611 0.9879 0.4823 185.8112 184.9269
99490 GOODS-S 53.135260 -27.799560 0.6900 0.6900 1.1456 0.5856 1.5023 0.4945 188.0761 188.0761
99598 GOODS-S 53.135260 -27.799560 0.9000 0.8750 1.2003 2.2467 1.6502 2.2679 180.2187 176.8040
99633 GOODS-N 53.135260 -27.799560 0.9800 0.9540 1.7003 0.4206 1.9022 0.3265 383.3032 288.2334
100119 GOODS-S 53.135260 -27.799560 0.6800 0.6889 1.1117 0.9555 1.2856 0.7705 103.4941 102.9284
100338 GOODS-S 53.135260 -27.799560 0.7800 1.0084 1.7206 3.3402 1.5709 1.9914 155.3113 152.8655
100486 GOODS-N 53.135260 -27.799560 0.8800 0.6883 1.6353 1.7388 1.4033 0.9641 288.1631 269.1624
100543 GOODS-S 53.135260 -27.799560 0.6900 0.6788 1.0678 0.2081 1.3129 0.1683 731.6893 718.9099
100572 GOODS-S 53.135260 -27.799560 0.7700 0.6592 1.4237 0.3170 1.2193 0.1829 593.7135 338.4159
100715 GOODS-N 53.135260 -27.799560 0.9200 0.8343 1.0883 0.2187 1.1476 0.1712 1194.5164 633.9624
101064 GOODS-S 53.135260 -27.799560 0.8000 0.7763 1.4851 1.7338 1.6248 1.4153 442.5445 432.3009
101185 GOODS-N 53.135260 -27.799560 0.7600 0.6194 1.9249 0.6748 1.5530 0.4015 1170.5583 562.8749
101405 GOODS-S 53.135260 -27.799560 0.7600 0.7031 1.5258 0.2704 1.3564 0.1650 555.6334 253.7298
101634 GOODS-S 53.135260 -27.799560 0.9400 0.9019 1.0605 0.2761 1.1043 0.2157 443.4197 381.2018
101780 GOODS-S 53.135260 -27.799560 0.7900 0.6780 1.0292 0.8469 1.3153 0.8997 227.4697 188.0204
102153 GOODS-S 53.135260 -27.799560 0.7400 0.7581 1.3026 0.1788 1.1454 0.1095 1193.1722 1144.8528
102205 GOODS-S 53.135260 -27.799560 0.9800 0.9161 1.0834 0.8903 1.2466 0.6648 223.5477 174.6323
102600 GOODS-N 53.135260 -27.799560 1.1800 1.3879 1.0799 0.2480 0.2308 0.0753 1104.0419 516.7921
102735 GOODS-S 53.135260 -27.799560 0.6600 0.6064 1.1787 0.2454 1.4718 0.2102 500.8019 270.3645
103094 GOODS-N 53.135260 -27.799560 0.9100 0.9100 1.1053 0.2064 1.1671 0.1595 497.5172 497.5172
103107 GOODS-S 53.135260 -27.799560 0.9300 0.9355 1.8091 3.3817 1.2143 2.1051 186.7626 184.5822
103421 GOODS-S 53.135260 -27.799560 0.8600 0.5849 1.2977 1.7802 1.2841 1.4045 264.4417 207.1127
103683 GOODS-S 53.135260 -27.799560 0.7200 0.6974 1.6858 0.9296 1.4955 0.6262 189.2908 179.8109
103918 GOODS-S 53.135260 -27.799560 0.9100 0.9100 1.2846 0.1472 1.4353 0.1178 344.7420 344.7420
104023 GOODS-N 53.135260 -27.799560 0.7400 0.3313 nan nan nan nan 374.3320 192.5299
104150 GOODS-S 53.135260 -27.799560 0.9500 0.9720 1.3448 0.5214 1.3834 0.3947 346.1105 337.5400
104306 GOODS-N 53.135260 -27.799560 1.1600 1.1177 1.1994 0.3970 1.2937 0.3425 399.6441 382.6734
104408 GOODS-S 53.135260 -27.799560 0.7300 1.3584 1.7276 0.6551 1.0433 0.3693 1339.9754 1032.2341
104498 GOODS-S 53.135260 -27.799560 0.9700 0.8581 0.8541 0.3651 1.1986 0.3547 408.9103 304.7526
104622 GOODS-S 53.135260 -27.799560 0.6700 0.6590 1.2830 1.0030 1.4517 0.7805 133.9912 132.5486
104801 GOODS-S 53.135260 -27.799560 0.7200 0.7829 1.1446 1.0148 1.3392 0.9276 157.1471 137.8641
104981 GOODS-S 53.135260 -27.799560 0.9600 0.7191 2.7338 7.2863 1.4970 2.4151 175.3976 163.0572
105016 GOODS-S 53.135260 -27.799560 0.7400 0.7462 1.3391 0.4000 1.2128 0.2485 317.2388 313.0951
105303 GOODS-N 53.135260 -27.799560 1.0900 1.2461 1.0595 0.1904 1.4492 0.1850 3869.5751 2420.3876
105461 GOODS-N 53.135260 -27.799560 0.6400 1.3969 1.3510 1.0653 1.2933 0.7009 344.9760 294.5619
105547 GOODS-S 53.135260 -27.799560 0.6100 0.5993 1.4144 0.1609 1.6820 0.1330 90.1448 86.2362
105709 GOODS-N 53.135260 -27.799560 1.0500 1.0626 1.2047 0.2728 1.1951 0.1861 517.2272 514.7889
105902 GOODS-N 53.135260 -27.799560 0.7400 1.3431 0.9778 0.1293 0.5406 0.0706 20411.5601 13355.6989
105980 GOODS-S 53.135260 -27.799560 0.6800 0.6579 1.3013 0.4095 1.6405 0.3330 176.2977 168.3107
106026 GOODS-S 53.135260 -27.799560 0.7500 0.3253 nan nan nan nan 332.3516 273.9158
106061 GOODS-S 53.135260 -27.799560 0.7300 0.6850 1.7678 1.5490 1.5048 0.8553 275.9989 272.2603
106067 GOODS-S 53.135260 -27.799560 0.7800 0.7451 1.4594 0.1415 1.3489 0.0916 917.2984 753.3832
106073 GOODS-S 53.135260 -27.799560 1.0500 0.9838 1.1933 0.2504 1.2670 0.1809 811.7522 650.4700
106752 GOODS-N 53.135260 -27.799560 0.6600 0.6490 1.3870 1.1762 1.6562 0.9472 239.5933 239.1650
106859 GOODS-S 53.135260 -27.799560 0.7300 0.6320 1.3389 0.2133 1.2199 0.1308 1128.5632 697.5312
106993 GOODS-S 53.135260 -27.799560 0.9100 0.7052 1.0885 0.6477 0.9822 0.4395 418.9408 233.1321
107036 GOODS-S 53.135260 -27.799560 0.6100 0.4546 nan nan inf inf 475.8509 457.4738
107055 GOODS-S 53.135260 -27.799560 0.8700 0.7752 0.8907 0.3580 0.9793 0.3107 998.4974 783.1223
107060 GOODS-S 53.135260 -27.799560 1.2200 1.1208 1.1298 0.2629 1.1256 0.1974 1108.1265 481.1497
107136 GOODS-S 53.135260 -27.799560 0.9400 0.9145 1.1948 0.1998 1.2819 0.1583 245.7992 228.8890
107152 GOODS-N 53.135260 -27.799560 0.9900 1.0329 1.1275 0.1647 1.2756 0.1318 2762.9900 2491.2633
107369 GOODS-S 53.135260 -27.799560 1.2600 1.2011 1.5833 0.4253 1.5686 0.3017 1002.4098 994.3350
107668 GOODS-S 53.135260 -27.799560 0.7300 0.7072 0.8885 2.9027 1.5102 2.9308 151.6934 150.9984
107778 GOODS-S 53.135260 -27.799560 0.9800 0.8795 1.3864 0.7956 1.3497 0.5665 439.4916 381.9524
107858 GOODS-S 53.135260 -27.799560 0.8100 1.1368 3.1854 11.4097 2.5687 3.9974 553.7692 435.7857
108010 GOODS-N 53.135260 -27.799560 0.7500 1.0069 2.0070 1.0418 1.0981 0.5217 513.7119 439.8622
108274 GOODS-S 53.135260 -27.799560 0.7900 0.7781 1.1613 0.3733 1.1626 0.2754 566.8963 561.3334
108279 GOODS-N 53.135260 -27.799560 0.8500 0.4996 inf inf inf inf 7892.8078 5851.4868
108448 GOODS-N 53.135260 -27.799560 1.1500 1.1356 1.1143 0.1401 1.3009 0.1216 2512.6049 2504.3103
108510 GOODS-S 53.135260 -27.799560 0.9300 0.9172 1.2753 0.1728 1.3698 0.1366 396.4341 372.2850
108620 GOODS-S 53.135260 -27.799560 0.9000 0.7701 1.1031 1.0226 1.0924 0.7178 211.4502 156.2981
108716 GOODS-S 53.135260 -27.799560 0.8400 0.8497 1.0448 0.9226 0.9617 0.7048 312.8293 310.7615
108721 GOODS-N 53.135260 -27.799560 0.8200 0.7960 1.4878 0.5891 1.6102 0.4540 434.8397 413.5879
108799 GOODS-N 53.135260 -27.799560 1.0100 1.2078 1.2692 0.2468 1.5160 0.2073 5974.1071 3076.7184
108892 GOODS-S 53.135260 -27.799560 0.9800 0.9800 1.2827 0.2384 1.4714 0.1944 331.9954 331.9954
108932 GOODS-N 53.135260 -27.799560 0.8700 0.8095 -18.8454 472.8138 10.1592 94.7388 437.0851 425.2956
109043 GOODS-S 53.135260 -27.799560 0.6900 0.6679 1.1614 0.7144 1.4372 0.5605 208.6939 207.1282
109107 GOODS-S 53.135260 -27.799560 1.1300 1.0611 1.1777 0.2530 1.3869 0.2291 444.0250 330.0198
109151 GOODS-S 53.135260 -27.799560 0.6700 0.6700 1.2640 0.1598 1.7783 0.1533 229.8781 229.8781
109167 GOODS-S 53.135260 -27.799560 0.8900 0.8774 1.1290 0.4960 1.3127 0.4068 241.1462 240.7924
109396 GOODS-S 53.135260 -27.799560 0.7400 0.6010 1.6878 1.2377 1.4399 0.7196 340.1101 256.2896
109438 GOODS-S 53.135260 -27.799560 0.6900 0.7296 0.9007 0.4473 1.3556 0.4488 199.7059 190.9022
109561 GOODS-N 53.135260 -27.799560 0.6500 0.6071 1.2082 0.9539 1.7645 1.0017 294.1422 232.6408
109596 GOODS-S 53.135260 -27.799560 0.7400 0.3590 nan nan nan nan 407.1402 301.9656
109794 GOODS-S 53.135260 -27.799560 0.6700 0.6480 1.2235 0.1568 1.5536 0.1344 1080.1287 947.4021
109801 GOODS-N 53.135260 -27.799560 0.8200 0.6954 1.2284 0.2488 1.5586 0.2291 985.8849 569.0573
109824 GOODS-S 53.135260 -27.799560 0.7500 0.6004 1.5408 0.4294 1.2978 0.2612 971.7359 474.9549
109885 GOODS-S 53.135260 -27.799560 0.7400 0.7285 1.6829 0.4166 1.6367 0.2871 167.8167 167.4111
109886 GOODS-S 53.135260 -27.799560 0.6400 0.5870 1.1942 0.1653 1.4318 0.1406 1016.3053 506.2241
109889 GOODS-S 53.135260 -27.799560 0.6800 0.6362 1.3520 0.9271 1.6136 0.7264 159.7447 146.7305
109900 GOODS-S 53.135260 -27.799560 0.7300 0.7525 1.3236 0.1541 1.1369 0.0920 2656.2450 2640.8528
109948 GOODS-S 53.135260 -27.799560 0.7800 0.7451 1.5148 0.9009 1.4774 0.6069 222.1109 201.5143
110031 GOODS-S 53.135260 -27.799560 0.7800 0.7114 1.4506 0.4568 1.4336 0.3298 429.0363 261.8641
110145 GOODS-N 53.135260 -27.799560 1.0200 1.1653 1.1820 0.2983 1.4944 0.2581 2185.1349 1234.9023
110187 GOODS-S 53.135260 -27.799560 0.7500 0.6508 1.3566 1.0707 1.2816 0.7324 218.2330 201.4842
110258 GOODS-S 53.135260 -27.799560 0.9000 0.8386 1.1452 0.3588 1.1710 0.2558 540.8970 482.7170
110397 GOODS-S 53.135260 -27.799560 0.9000 0.8750 1.2220 0.3565 1.2306 0.2639 197.3752 195.7943
110400 GOODS-S 53.135260 -27.799560 0.6700 0.3760 nan nan nan nan 2564.7384 2324.6666
110487 GOODS-S 53.135260 -27.799560 0.9700 0.9821 1.4711 0.3092 1.7477 0.2597 204.3674 192.8094
110493 GOODS-S 53.135260 -27.799560 0.7600 0.7484 1.5659 0.7008 1.3392 0.4090 197.2901 194.3500
110595 GOODS-N 53.135260 -27.799560 0.9200 0.8461 1.4677 1.5963 1.6072 1.1293 305.8891 290.7835
110688 GOODS-N 53.135260 -27.799560 0.8800 0.7847 1.2591 0.4016 1.3194 0.3065 610.2639 478.0691
110733 GOODS-S 53.135260 -27.799560 0.9500 0.7943 0.8572 0.5501 0.8966 0.4274 476.6286 407.8965
110870 GOODS-S 53.135260 -27.799560 0.6700 0.6480 1.0887 0.1165 1.3429 0.0960 3204.8481 3166.9780
110891 GOODS-S 53.135260 -27.799560 0.7500 0.7157 1.3615 0.7708 1.2206 0.4809 202.7924 193.0027
111122 GOODS-S 53.135260 -27.799560 0.9400 0.9272 1.1300 0.6213 0.8682 0.3603 362.9645 360.9424
111194 GOODS-S 53.135260 -27.799560 0.7300 0.8011 1.1766 0.5058 1.2193 0.3589 351.2215 278.6349
111351 GOODS-N 53.135260 -27.799560 0.8000 0.6362 1.5972 1.3979 1.5701 0.9038 317.1859 275.3753
111648 GOODS-N 53.135260 -27.799560 1.2100 1.1524 1.3800 0.3133 1.1772 0.2052 1008.1897 881.1347
111700 GOODS-S 53.135260 -27.799560 0.9700 0.9188 1.1748 0.3035 1.3340 0.2432 447.4210 371.0181
111842 GOODS-S 53.135260 -27.799560 1.3100 1.3925 0.0000 0.0902 0.0000 0.0449 1548.0094 1353.8508
112093 GOODS-S 53.135260 -27.799560 1.0400 0.9868 1.4889 0.2848 1.7323 0.2201 974.4039 824.8583
112100 GOODS-N 53.135260 -27.799560 0.6700 0.4647 nan nan inf inf 4258.0964 3087.6294
112133 GOODS-S 53.135260 -27.799560 0.7500 0.7756 1.3144 0.3112 1.1249 0.1926 502.5898 476.8016
112301 GOODS-N 53.135260 -27.799560 1.0500 1.0231 1.3308 1.0827 1.0401 0.6065 351.2717 346.0580
112324 GOODS-S 53.135260 -27.799560 1.2800 1.1783 1.1164 0.1842 1.0057 0.1304 2737.0045 1215.4189
112383 GOODS-N 53.135260 -27.799560 0.6200 0.5778 1.1758 0.3955 1.8405 0.4763 348.9787 272.2564
112682 GOODS-S 53.135260 -27.799560 0.5600 0.5600 1.0990 0.2097 2.4142 0.3998 417.0006 417.0006
112745 GOODS-S 53.135260 -27.799560 1.0300 0.9771 1.0861 0.5080 1.1777 0.3861 326.2367 211.2861
112764 GOODS-N 53.135260 -27.799560 1.2700 1.2955 1.0600 0.1342 0.4250 0.0541 7093.9471 6925.9952
112789 GOODS-S 53.135260 -27.799560 0.6600 0.6600 1.2844 0.1397 1.7281 0.1260 966.3819 966.3819
112827 GOODS-S 53.135260 -27.799560 0.9500 0.9588 1.2116 0.3526 1.1719 0.2579 426.9559 426.0588
112840 GOODS-S 53.135260 -27.799560 1.0400 0.8321 1.7779 0.8632 1.5370 0.4926 496.8708 452.8137
112943 GOODS-S 53.135260 -27.799560 0.7300 0.6117 1.3597 0.4819 1.1508 0.2945 442.6686 386.3038
112960 GOODS-S 53.135260 -27.799560 1.0200 1.3872 1.6843 3.9604 2.0632 3.0195 251.7450 240.7960
113361 GOODS-S 53.135260 -27.799560 0.6600 0.6887 1.1433 0.2297 1.4733 0.2011 400.5250 372.8150
113506 GOODS-N 53.135260 -27.799560 0.8400 0.8400 1.3280 1.6721 1.5700 1.5408 270.5325 270.5325
113555 GOODS-S 53.135260 -27.799560 0.7300 0.6423 1.4192 0.2555 1.3367 0.1685 969.8014 393.4035
113678 GOODS-S 53.135260 -27.799560 0.9800 0.9410 1.2112 0.2335 1.3260 0.1885 898.2868 861.6584
113746 GOODS-N 53.135260 -27.799560 0.7400 0.7170 1.4008 0.4506 1.3717 0.3110 257.4084 218.0375
113815 GOODS-S 53.135260 -27.799560 0.7100 0.5265 7.1623 37.4679 16.3532 84.4499 183.4040 171.4255
113842 GOODS-S 53.135260 -27.799560 0.7400 0.6731 2.9672 5.8494 1.9244 2.2053 216.0125 213.8774
113877 GOODS-S 53.135260 -27.799560 1.2300 0.9558 1.3904 0.3442 1.2590 0.2205 1724.9919 1299.5681
114024 GOODS-S 53.135260 -27.799560 0.7600 0.6708 1.0028 1.0599 1.1155 0.9231 161.4461 139.3233
114108 GOODS-S 53.135260 -27.799560 0.7300 0.7300 1.9131 0.3464 1.7717 0.2185 207.9722 207.9722
114275 GOODS-N 53.135260 -27.799560 0.9500 0.9586 1.1586 0.1883 1.1329 0.1385 793.2379 754.4371
114298 GOODS-S 53.135260 -27.799560 0.7400 0.4028 nan nan nan nan 318.3223 280.2706
114628 GOODS-N 53.135260 -27.799560 0.8200 0.8389 1.2474 0.1259 1.5451 0.1111 2134.2615 2039.1088
114644 GOODS-S 53.135260 -27.799560 0.7500 0.6303 1.6046 0.5030 1.5411 0.3407 608.9465 217.6718
114657 GOODS-S 53.135260 -27.799560 1.2300 1.1863 1.4631 0.2550 1.3387 0.1735 1689.1488 1602.1980
114998 GOODS-S 53.135260 -27.799560 0.7500 0.7640 1.2559 0.3738 1.2791 0.2715 392.8569 382.8002
115319 GOODS-S 53.135260 -27.799560 0.7300 0.7300 1.5196 0.5327 1.3852 0.3526 489.1840 489.1840
115331 GOODS-S 53.135260 -27.799560 0.7300 0.5919 1.5988 0.2514 1.6624 0.1925 1998.4178 374.6790
115446 GOODS-S 53.135260 -27.799560 1.1700 1.0863 1.4328 0.1878 1.5222 0.1456 1797.1851 1420.6832
115449 GOODS-S 53.135260 -27.799560 0.7700 0.7127 1.0971 1.5526 1.1519 1.1846 188.6118 182.7822
115462 GOODS-S 53.135260 -27.799560 0.6400 0.5870 1.1740 0.1248 1.5017 0.1139 651.9154 357.3572
115491 GOODS-S 53.135260 -27.799560 0.7300 0.6217 1.6940 3.0264 1.4054 2.5722 331.8318 325.8256
115589 GOODS-S 53.135260 -27.799560 0.8100 0.9109 1.7415 2.0081 1.7044 1.5174 259.5432 247.4024
115636 GOODS-N 53.135260 -27.799560 0.9500 1.0995 1.2452 0.5209 1.0976 0.3496 674.5786 565.7311
115761 GOODS-S 53.135260 -27.799560 0.6700 0.5853 1.3075 2.6424 1.6624 2.1056 1621.6106 1604.2310
115794 GOODS-S 53.135260 -27.799560 1.0400 0.9999 1.1464 0.2128 1.2863 0.1680 575.0509 504.4554
116031 GOODS-S 53.135260 -27.799560 0.6200 0.5282 4.0380 1.9276 8.1716 3.7755 546.9747 312.6416
116124 GOODS-S 53.135260 -27.799560 0.7500 0.6718 1.2769 0.7079 1.1127 0.4602 390.6160 333.8313
116653 GOODS-S 53.135260 -27.799560 0.7400 0.7400 1.5428 0.3615 1.2824 0.2162 303.7424 303.7424
116724 GOODS-S 53.135260 -27.799560 0.6800 0.6800 1.2316 0.2918 1.6156 0.2671 584.0769 584.0769
117066 GOODS-S 53.135260 -27.799560 0.7300 0.6635 1.3423 0.3274 1.1446 0.2001 606.6682 529.4311
117116 GOODS-S 53.135260 -27.799560 0.7800 0.7566 1.0835 1.1699 1.1905 0.8827 179.1319 174.8262
117138 GOODS-S 53.135260 -27.799560 0.6400 0.5870 1.0982 0.1303 1.4024 0.1199 1596.2548 1187.8369
117225 GOODS-S 53.135260 -27.799560 0.9700 0.9821 1.4908 0.7398 1.7642 0.6362 253.4052 252.9746
117376 GOODS-S 53.135260 -27.799560 1.0100 1.0292 1.1997 0.2315 1.3358 0.1845 462.7464 434.8934
117429 GOODS-S 53.135260 -27.799560 0.6400 0.5376 2.2185 0.2995 4.7857 0.5940 1632.8441 205.6555
117521 GOODS-S 53.135260 -27.799560 0.6400 0.5974 0.9841 2.0734 1.4842 1.9362 159.3911 153.8611
117608 GOODS-S 53.135260 -27.799560 0.6400 0.6432 1.3996 0.1873 1.8421 0.1709 623.3214 614.9029
117686 GOODS-S 53.135260 -27.799560 0.6800 1.2876 1.3216 0.5887 1.2060 0.4871 623.2685 528.8587
117714 GOODS-S 53.135260 -27.799560 0.9100 0.7794 1.3012 2.1133 0.8959 1.0960 216.1882 207.4205
117725 GOODS-S 53.135260 -27.799560 0.7500 0.7520 1.5006 0.1620 1.4215 0.1077 1237.5326 1218.2944
117825 GOODS-N 53.135260 -27.799560 0.6300 0.5877 1.1789 0.1494 1.5365 0.1404 675.0666 266.0036
117865 GOODS-S 53.135260 -27.799560 1.0400 0.8103 1.7427 0.6984 1.4594 0.3906 710.1137 607.2180
118148 GOODS-N 53.135260 -27.799560 0.9100 0.8973 1.0558 0.1943 1.0459 0.1411 1107.5638 1097.7267
118155 GOODS-S 53.135260 -27.799560 0.8700 0.7979 1.3229 0.3439 1.5001 0.2918 337.9390 221.3094
118171 GOODS-S 53.135260 -27.799560 0.9300 1.0450 1.5807 1.7108 1.2121 1.0169 339.2366 284.7852
118193 GOODS-S 53.135260 -27.799560 1.1700 1.1760 2.2724 0.3021 3.6449 0.3539 41331.1007 41260.2144
118251 GOODS-S 53.135260 -27.799560 0.9400 1.0356 1.6558 0.8928 1.3793 0.5553 349.1387 295.8990
118448 GOODS-S 53.135260 -27.799560 0.6600 0.6064 1.0313 0.2451 1.3200 0.2145 726.9771 631.9514
118455 GOODS-S 53.135260 -27.799560 1.0300 1.1857 1.1750 0.1333 1.4819 0.1176 9471.0586 6178.7980
118459 GOODS-S 53.135260 -27.799560 0.6800 0.6470 1.0391 0.3279 1.2914 0.2760 451.3313 442.9309
118534 GOODS-N 53.135260 -27.799560 0.9900 0.7872 0.9138 0.4692 0.9861 0.3710 618.9450 494.6737
118673 GOODS-S 53.135260 -27.799560 0.7400 0.4660 inf inf inf inf 732.1754 659.4877
119088 GOODS-S 53.135260 -27.799560 0.6400 0.5769 1.1774 0.2332 1.7457 0.2646 659.3353 367.3363
119137 GOODS-S 53.135260 -27.799560 0.8400 0.8747 0.8945 1.1404 0.9969 1.1311 230.7587 222.4592
119164 GOODS-S 53.135260 -27.799560 0.9000 1.1852 1.5692 2.9173 2.5170 3.1913 229.5041 223.5063
119191 GOODS-N 53.135260 -27.799560 1.0200 1.0478 1.3965 0.2743 1.6591 0.2253 373.1105 237.7309
119193 GOODS-S 53.135260 -27.799560 0.7800 0.7565 1.4278 0.1485 1.2853 0.0937 3269.9536 3215.2305
119260 GOODS-S 53.135260 -27.799560 0.6900 0.7783 0.7173 0.5604 1.1353 0.6034 411.6618 370.0926
119278 GOODS-S 53.135260 -27.799560 0.9100 1.0058 1.2884 0.9352 1.6230 0.8904 313.3564 288.6206
119341 GOODS-S 53.135260 -27.799560 0.7400 0.3732 nan nan nan nan 1183.7056 1044.1288
119489 GOODS-S 53.135260 -27.799560 0.6300 0.5184 inf inf inf inf 2864.9605 1444.8196
119504 GOODS-S 53.135260 -27.799560 0.9500 0.9853 1.0923 0.2736 1.1483 0.2035 1357.8595 1276.0630
119612 GOODS-S 53.135260 -27.799560 1.0100 0.9578 0.9663 0.2332 1.1682 0.2054 489.3261 334.2687
119616 GOODS-N 53.135260 -27.799560 1.0300 1.0810 0.9795 0.3485 1.1748 0.3031 524.4469 489.0036
119666 GOODS-S 53.135260 -27.799560 1.0000 0.9107 1.0056 0.3048 1.1710 0.2625 566.0612 407.8211
119722 GOODS-S 53.135260 -27.799560 1.1100 1.1483 0.7775 0.7143 0.6242 0.6713 323.6597 309.3966
119723 GOODS-N 53.135260 -27.799560 0.8000 0.8531 1.0819 0.1306 1.1970 0.1057 3457.3318 3274.8225
119747 GOODS-S 53.135260 -27.799560 0.7300 1.3164 1.3829 3.2898 1.1874 2.5289 138.7423 125.4829
119774 GOODS-S 53.135260 -27.799560 0.8100 0.8212 1.4234 0.4172 1.5267 0.3117 372.0346 368.7027
119879 GOODS-N 53.135260 -27.799560 1.0500 1.0364 1.3303 0.1672 1.5264 0.1322 572.5829 556.3184
119927 GOODS-S 53.135260 -27.799560 0.7300 0.6529 1.9858 1.8891 1.6633 1.1288 278.3119 253.4323
119960 GOODS-S 53.135260 -27.799560 0.6300 0.6190 1.3172 0.6583 1.3109 0.4264 319.8152 316.2395
119997 GOODS-S 53.135260 -27.799560 0.7300 0.6527 0.9117 3.3567 1.6048 4.5643 251.5271 246.9668
120095 GOODS-S 53.135260 -27.799560 0.7700 0.7700 2.2400 2.7191 1.9762 1.4742 250.2455 250.2455
120229 GOODS-S 53.135260 -27.799560 0.7500 0.7500 1.3587 0.4554 1.2396 0.3023 235.2610 235.2610
120268 GOODS-S 53.135260 -27.799560 1.0400 1.3238 5.9089 26.5323 2.4761 4.4481 378.7698 344.8971
120415 GOODS-S 53.135260 -27.799560 0.9400 0.7742 0.9782 1.1976 0.5258 0.6230 375.3207 308.7788
120498 GOODS-N 53.135260 -27.799560 1.1800 1.3366 1.5615 0.4134 0.7636 0.1887 459.8635 385.0218
120576 GOODS-S 53.135260 -27.799560 0.7700 0.6287 4.3033 20.0574 1.9787 3.6982 234.6301 221.5725
120798 GOODS-S 53.135260 -27.799560 0.8600 0.9655 1.1426 1.3046 1.4758 1.2789 336.6952 332.5860
120840 GOODS-S 53.135260 -27.799560 0.7200 0.7087 1.3431 0.4532 1.3429 0.3039 398.3474 397.3545
120843 GOODS-S 53.135260 -27.799560 0.7200 0.7467 1.8260 2.8638 1.6350 1.7284 195.3985 181.5927
120845 GOODS-S 53.135260 -27.799560 0.9400 0.8896 2.1386 1.8824 1.6636 0.9655 353.9887 343.1009
120898 GOODS-S 53.135260 -27.799560 1.1200 1.1527 1.0609 0.3620 1.2103 0.2896 521.4970 500.7728
120926 GOODS-S 53.135260 -27.799560 1.0600 0.9807 0.8631 0.8225 1.2004 0.6840 481.2370 445.7794
121020 GOODS-S 53.135260 -27.799560 0.6900 0.7414 0.9379 1.2042 1.3516 1.2615 161.7614 152.8398
121095 GOODS-S 53.135260 -27.799560 1.0400 1.0132 1.3934 0.2852 1.5410 0.2183 475.8709 442.4210
121143 GOODS-N 53.135260 -27.799560 0.6000 0.6000 1.4507 0.5388 1.4926 0.3859 204.9095 204.9095
121232 GOODS-N 53.135260 -27.799560 0.8400 0.7357 1.2180 0.3045 1.4647 0.2773 475.0239 230.4245
121506 GOODS-S 53.135260 -27.799560 0.6900 0.7292 1.3311 1.8470 2.6777 2.2762 310.9179 293.6254
121733 GOODS-S 53.135260 -27.799560 0.6900 0.3849 nan nan nan nan 1526.4889 908.9742
121864 GOODS-S 53.135260 -27.799560 0.7400 0.5913 2.8138 5.7911 4.3457 11.6802 272.5097 262.9529
121904 GOODS-S 53.135260 -27.799560 0.7500 0.3253 nan nan nan nan 461.3528 334.4509
121911 GOODS-S 53.135260 -27.799560 0.6800 1.2270 1.6530 0.7364 1.3545 0.5019 670.0710 418.6308
121917 GOODS-N 53.135260 -27.799560 0.6600 0.6772 1.7216 5.8861 1.9528 3.2800 251.6494 250.6029
121967 GOODS-S 53.135260 -27.799560 0.7300 0.7406 1.5135 0.1864 1.4600 0.1261 471.2701 464.5703
122039 GOODS-S 53.135260 -27.799560 0.9200 0.9563 1.2998 0.5392 1.3356 0.4046 328.1367 226.0024
122099 GOODS-S 53.135260 -27.799560 0.7500 0.3886 nan nan nan nan 354.6201 318.6320
122108 GOODS-S 53.135260 -27.799560 0.7500 0.7270 1.4694 0.5282 1.3161 0.3573 364.8885 295.3301
122303 GOODS-N 53.135260 -27.799560 1.0000 0.9353 1.1042 0.7669 1.1310 0.5560 235.6715 216.5104
122449 GOODS-S 53.135260 -27.799560 0.7700 0.7700 1.4746 0.1829 1.3705 0.1195 239.3897 239.3897
122560 GOODS-N 53.135260 -27.799560 1.0500 1.0364 1.1334 0.1301 1.1331 0.0892 2082.1674 2039.0059
122616 GOODS-N 53.135260 -27.799560 1.1600 1.1039 1.0126 0.3267 1.2678 0.2946 594.9173 563.0165
122710 GOODS-S 53.135260 -27.799560 0.8500 0.7674 1.0187 0.6530 1.4769 0.7101 343.4312 310.5499
122757 GOODS-N 53.135260 -27.799560 0.7800 0.7451 1.4480 0.2993 1.1771 0.1676 930.4350 857.3426
122766 GOODS-S 53.135260 -27.799560 0.6200 0.5379 2.6431 1.4865 5.6845 2.9909 360.9494 214.4986
122949 GOODS-S 53.135260 -27.799560 1.2100 1.2100 1.4689 0.1777 1.5187 0.1292 7496.0690 7496.0690
123066 GOODS-S 53.135260 -27.799560 0.7300 0.7186 1.4125 0.3907 1.3652 0.2679 322.3349 321.5476
123168 GOODS-S 53.135260 -27.799560 0.7600 0.7812 1.7455 2.3447 1.7918 1.4929 188.4252 177.1035
123236 GOODS-S 53.135260 -27.799560 1.0100 1.1148 1.2855 0.4513 1.5038 0.3806 347.8325 253.8786
123290 GOODS-N 53.135260 -27.799560 1.1500 1.1357 1.2154 0.2048 1.3674 0.1778 650.6335 640.7461
123472 GOODS-S 53.135260 -27.799560 1.0400 1.0400 1.2940 0.2942 1.4794 0.2413 275.6920 275.6920
123476 GOODS-N 53.135260 -27.799560 0.6400 0.5471 1.3951 0.1910 3.0208 0.3681 971.3886 319.0768
123477 GOODS-S 53.135260 -27.799560 0.6400 0.5669 1.1259 0.1351 1.9443 0.1858 1185.4044 336.7739
123538 GOODS-N 53.135260 -27.799560 0.9400 0.9400 1.3012 0.1467 1.4281 0.1165 1143.6708 1143.6708
123809 GOODS-N 53.135260 -27.799560 1.0100 0.9326 1.5489 0.2732 1.8369 0.2311 919.4875 560.5539
123811 GOODS-N 53.135260 -27.799560 0.6300 0.6085 1.1584 0.1880 1.3543 0.1512 259.9399 210.9306
123850 GOODS-N 53.135260 -27.799560 0.9900 1.0056 1.4987 0.5347 1.8497 0.4642 298.5638 274.7908
124152 GOODS-S 53.135260 -27.799560 0.8300 0.8300 1.1329 0.2527 1.3091 0.2107 581.8990 581.8990
124248 GOODS-S 53.135260 -27.799560 0.9000 0.8506 0.9495 0.3549 1.0651 0.2879 472.0665 445.1164
124386 GOODS-N 53.135260 -27.799560 0.8200 0.8515 1.2763 0.1908 1.6347 0.1768 562.7595 438.4536
124893 GOODS-N 53.135260 -27.799560 0.8100 0.8100 1.2529 0.9180 1.7116 0.9903 304.2679 304.2679
124964 GOODS-S 53.135260 -27.799560 1.0300 0.9771 1.1926 0.2863 1.3160 0.2282 727.8282 667.8027
125086 GOODS-N 53.135260 -27.799560 1.1400 1.1478 1.4115 0.1819 1.6896 0.1655 940.7676 907.0474
125098 GOODS-N 53.135260 -27.799560 1.2700 1.2961 1.4887 0.1883 0.6440 0.0775 1191.6996 1027.3312
125212 GOODS-N 53.135260 -27.799560 0.7800 0.7336 1.4920 2.0885 1.2019 1.0924 180.1967 168.5554
125828 GOODS-S 53.135260 -27.799560 1.1700 1.0999 1.2728 0.2794 1.2607 0.2206 795.0753 419.2932
125934 GOODS-N 53.135260 -27.799560 1.1400 1.1623 1.1877 0.3058 1.4039 0.2799 549.6871 508.7266
125948 GOODS-N 53.135260 -27.799560 0.9400 0.8895 1.0457 0.1955 1.0526 0.1442 952.7583 773.2781
126415 GOODS-S 53.135260 -27.799560 0.7800 0.7566 1.4825 0.7618 1.5621 0.5796 294.9288 274.5082
126762 GOODS-S 53.135260 -27.799560 1.0400 1.0441 1.5079 0.4878 1.4987 0.3373 362.6751 351.9882
126769 GOODS-S 53.135260 -27.799560 0.8200 0.7959 1.0239 0.1366 1.2268 0.1151 1906.0622 1837.1656
126790 GOODS-S 53.135260 -27.799560 0.9800 0.9539 1.1072 0.1188 1.2885 0.0985 2316.9169 2259.1733
126958 GOODS-S 53.135260 -27.799560 0.7100 0.7100 1.1439 0.1570 1.4731 0.1346 1768.0862 1768.0862
127226 GOODS-S 53.135260 -27.799560 0.6700 0.6700 1.3800 0.2430 1.8858 0.2201 195.0290 195.0290
127541 GOODS-S 53.135260 -27.799560 1.0300 0.9644 1.0482 0.5824 1.3283 0.5009 398.6684 372.7435
127741 GOODS-S 53.135260 -27.799560 0.7500 0.3253 nan nan nan nan 1999.5394 1753.2265
128062 GOODS-S 53.135260 -27.799560 0.8700 0.6210 0.7539 1.4231 0.8108 1.6754 275.9774 263.4497
128198 GOODS-S 53.135260 -27.799560 1.0200 0.9175 0.5950 0.8021 0.9812 0.8133 499.3296 435.9512
128510 GOODS-S 53.135260 -27.799560 0.7300 0.6850 1.4936 0.2074 1.3999 0.1340 284.2986 176.7195
128971 GOODS-S 53.135260 -27.799560 1.2700 1.3757 0.7543 0.2877 0.0000 0.0475 1525.6669 1294.5833
129047 GOODS-S 53.135260 -27.799560 0.7500 0.8125 2.0015 2.3273 1.2777 1.0143 266.4071 252.8460
129369 GOODS-S 53.135260 -27.799560 0.9100 1.0059 1.0172 0.9768 1.0720 0.7431 251.8154 222.1704
129968 GOODS-S 53.135260 -27.799560 0.6100 0.4373 nan nan inf inf 5493.4791 5026.1152
130031 GOODS-S 53.135260 -27.799560 1.3100 1.2646 1.7526 0.2473 1.0318 0.1234 2792.5081 2658.1810
130387 GOODS-S 53.135260 -27.799560 0.8300 0.6435 1.3252 0.6549 1.5000 0.5420 486.2737 268.4187
131112 GOODS-S 53.135260 -27.799560 1.0300 1.0391 1.4174 1.9659 1.3178 1.5559 244.7079 240.3041
131165 GOODS-S 53.135260 -27.799560 1.0600 1.0327 1.2044 0.1834 1.5696 0.1715 468.5595 410.5850
131381 GOODS-S 53.135260 -27.799560 0.9300 0.8557 1.5906 1.2418 1.4748 0.7912 375.9013 360.9422
131724 GOODS-S 53.135260 -27.799560 0.6200 0.4636 nan nan inf inf 691.4541 290.4010
131864 GOODS-S 53.135260 -27.799560 0.7500 0.6303 2.0236 3.2113 1.2866 1.1864 239.2331 215.3006
131938 GOODS-S 53.135260 -27.799560 1.0400 0.9870 1.1748 0.3353 1.1227 0.2189 744.5949 699.2616
132474 GOODS-S 53.135260 -27.799560 0.6900 0.6145 1.1284 0.2609 1.4792 0.2422 579.1787 279.5012
132786 GOODS-S 53.135260 -27.799560 0.6900 0.6900 2.2242 3.6338 2.2563 1.9513 242.6745 242.6745
133150 GOODS-S 53.135260 -27.799560 1.1400 1.1118 1.2102 0.2119 1.4389 0.1879 495.9990 485.9853
133572 GOODS-S 53.135260 -27.799560 1.3000 1.3722 0.5591 0.2525 0.0000 0.0494 4081.9817 3725.2163
133694 GOODS-S 53.135260 -27.799560 0.6600 0.6659 1.4233 0.2468 2.0030 0.2414 214.7378 191.6352
133802 GOODS-S 53.135260 -27.799560 1.1300 1.0479 1.3355 0.3982 1.5210 0.3194 681.1939 646.6450
134389 GOODS-S 53.135260 -27.799560 0.9200 0.8701 1.1238 0.1914 1.1670 0.1440 663.7481 512.7179
