channel    flux [mK]
1.0 -0.968342490462
2.0 -0.149420469965
3.0 -0.573396822631
4.0 0.0416893415299
5.0 0.949718725485
6.0 -0.187291743384
7.0 -0.0251080278198
8.0 0.602529321616
9.0 1.66559464262
10.0 -2.20048779533
11.0 1.71106403993
12.0 -0.195012000024
13.0 0.549747200263
14.0 1.09911060062
15.0 -1.59587506771
16.0 0.172761473194
17.0 0.453352636427
18.0 0.119610607181
19.0 0.648084675895
20.0 -1.42048115325
21.0 -0.2534013366
22.0 -0.982650993534
23.0 -0.90356606083
24.0 -2.07662826489
25.0 -0.604934799321
26.0 -1.00662355165
27.0 -0.127273461632
28.0 0.547595593068
29.0 -0.808804796706
30.0 -1.75496625872
31.0 0.355794479189
32.0 -0.386801269446
33.0 -2.42106682234
34.0 0.699262198181
35.0 -1.09419101013
36.0 2.39485551261
37.0 1.06895754687
38.0 2.3971696925
39.0 1.37033444458
40.0 0.251124816733
41.0 -1.36821066826
42.0 -1.09972246376
43.0 -0.559298575641
44.0 0.262163280449
45.0 1.29610476529
46.0 0.768545855966
47.0 -0.294795573176
48.0 -0.500517441459
49.0 -0.0174048169065
50.0 -2.09088063753
51.0 -1.00646721433
52.0 -1.14697912289
53.0 0.0635833573093
54.0 0.745409315152
55.0 -0.641778211531
56.0 2.23313493103
57.0 -0.676137259546
58.0 -0.357974907077
59.0 -1.74306142296
60.0 1.21264160775
61.0 0.510217653644
62.0 0.759807729299
63.0 -1.18548494199
64.0 -0.333039662066

