 F
       28100     5753424           3         400
   -0.673651469466560496E+21   -0.673651469466560496E+21
 T
   2
    0.200000000000000000E+01    0.300000000000000000E+01    0.107499999999999998E+00    0.892499999999999960E+00
   0
   0
 T T     0           0
    0.000000000000000000E+00   -0.100000000000000002+101    0.000000000000000000E+00
 F F     1          43
    0.377762866081504764E-40   -0.673651469466560496E+21   -0.673651469466560496E+21
 F F     1         357
    0.101543243058541141E-28   -0.678462807731694338E+21   -0.678462807731694338E+21
