# Catalog for all galaxies that matched between 3DHST and FIGS within 1.2<z<1.8 for gn1. 
# figs_id redshift ra dec dn4000 dn4000_err d4000 d4000_err
672 1.234 189.163498 62.316452 nan nan nan nan
789 1.502 189.163193 62.314182 0.0217 0.0000 0.8649 0.0000
844 1.653 189.182877 62.312733 inf nan -inf nan
853 1.653 189.176468 62.312607 1.6146 3.2593 1.2965 1.5721
861 1.719 189.200989 62.312458 -0.4387 0.0000 -0.1667 0.0000
875 1.401 189.179718 62.312260 1.8634 0.0000 1.0064 1.3797
878 1.696 189.138733 62.312214 -inf nan -inf nan
883 1.607 189.181534 62.312065 0.0363 2.0606 -0.6001 2.6537
890 1.745 189.200729 62.311932 0.7585 0.0000 0.7978 0.0000
905 1.216 189.177856 62.311710 1.2293 0.0000 1.5853 0.5149
924 1.266 189.186157 62.311146 0.5879 0.0000 0.8620 0.0000
927 1.527 189.172699 62.311092 1.1097 1.1565 0.8822 2.0135
933 1.594 189.186813 62.310532 1.0993 0.4648 1.2991 0.3799
960 1.478 189.141373 62.310150 -inf nan inf nan
974 1.739 189.175583 62.309952 -226.5675 154538.8998 3.7924 16.0140
977 1.708 189.185196 62.309879 0.7549 3.1570 0.5938 2.4097
991 1.649 189.166351 62.309273 1.8322 3.3375 1.9451 2.8225
1015 1.606 189.157745 62.309097 1.6000 17.8325 0.5836 3.0980
1058 1.669 189.135468 62.308247 -1.8730 0.0000 -16.8316 49.0195
1074 1.369 189.178207 62.307995 0.3849 7.6600 1.3940 11.5231
1079 1.578 189.187012 62.307812 0.0186 6.7973 0.3300 7.7006
1114 1.501 189.141113 62.306934 0.5267 1.1191 0.8789 2.5506
1140 1.262 189.177673 62.305775 1.1179 0.8908 1.4028 0.6948
1147 1.584 189.197403 62.305897 1.5860 6.1599 2.4373 13.3968
1161 1.769 189.169754 62.305538 1.0002 3.8959 0.4068 1.1488
1201 1.492 189.188202 62.304482 1.0986 4.9738 1.4409 4.7783
1269 1.266 189.188385 62.303043 0.7015 10.3002 0.5046 3.3583
1280 1.244 189.173096 62.302639 1.1963 32.2141 -0.0600 3.9860
1281 1.718 189.210815 62.302658 0.5189 0.6234 0.8701 1.1761
1292 1.625 189.157944 62.302372 3.4744 122.6869 -1.9831 29.0871
1295 1.731 189.197098 62.302254 0.8005 7.3056 1.8698 9.6407
1303 1.746 189.163132 62.302036 0.6987 2.1082 0.5491 1.7296
1305 1.472 189.133163 62.301987 0.8401 0.0000 1.1540 0.0000
1314 1.291 189.203491 62.301655 0.9576 1.8206 0.7386 1.0122
1329 1.531 189.163406 62.301346 1.3343 20.6944 1.3097 12.7277
1330 1.636 189.199814 62.301327 0.6705 3.1089 1.0224 2.9748
1340 1.610 189.179367 62.301155 1.5778 3.0621 1.8378 1.9894
1357 1.726 189.184143 62.300743 1.4703 13.5493 1.3976 9.2738
1369 1.658 189.191635 62.300442 0.6567 3.8894 0.9826 3.4592
1372 1.641 189.166748 62.300426 3.0588 110.0665 0.2715 5.2839
1390 1.666 189.192001 62.299969 0.8602 2.1928 0.8203 2.0603
1394 1.246 189.142715 62.299927 0.3743 8.9220 0.1764 11.4836
1402 1.644 189.225586 62.299709 inf nan inf nan
1404 1.411 189.130219 62.299622 0.5467 0.0000 -0.4379 0.9376
1406 1.769 189.210419 62.299599 1.1282 7.7041 3.1603 77.8778
1411 1.680 189.156235 62.299526 0.5228 3.8995 0.6352 2.8155
1423 1.355 189.132065 62.299213 0.5556 1.9097 0.4920 2.2113
1427 1.686 189.146362 62.299049 1.0069 2.2446 1.2399 1.6509
1441 1.694 189.136093 62.298687 0.7886 6.5773 1.3300 6.4408
1478 1.770 189.152328 62.297733 1.5567 1.9348 0.6755 0.8633
1481 1.365 189.185852 62.297749 1.9468 77.2273 -7.3974 578.8051
1483 1.554 189.133911 62.297665 0.6879 7.4094 -0.3247 4.3496
1484 1.614 189.123688 62.297588 0.9072 0.6349 0.7133 0.3431
1489 1.670 189.213852 62.297470 1.8298 9.2648 2.0005 4.6681
1507 1.238 189.126312 62.297165 2.5931 0.0000 1.6034 0.5713
1534 1.228 189.224335 62.296303 8.2799 0.0000 8.1880 0.0000
1541 1.246 189.149155 62.296242 -6.7976 209.2465 -5.7460 162.3898
1545 1.368 189.210159 62.296101 0.9068 22.7184 -0.2312 74.7989
1550 1.372 189.165359 62.295906 3.2702 20.5190 2.2399 11.5471
1560 1.298 189.116135 62.295605 nan nan nan nan
1605 1.215 189.156403 62.294804 1.2576 5.8860 2.4556 11.0616
1622 1.762 189.208191 62.294617 4.5302 119.7302 3.9006 90.4618
1626 1.641 189.129868 62.294403 1.1737 0.4221 1.3755 0.3320
1627 1.649 189.139542 62.294525 1.9777 21.0178 2.9514 16.1020
1650 1.579 189.178589 62.293827 -0.4785 4.2722 -1.0491 7.6132
1661 1.223 189.220993 62.293438 3.2336 0.0000 3.5727 0.0000
1663 1.707 189.138199 62.293427 0.8999 2.5939 1.1987 1.8420
1672 1.605 189.141754 62.293262 1.1739 3.5088 1.8861 4.9531
1694 1.483 189.159622 62.292854 1.3907 5.3017 0.2160 3.0748
1697 1.788 189.212158 62.292816 4.9904 32.6961 1.3336 6.8287
1704 1.505 189.191483 62.292641 1.6062 2.9942 1.4212 2.1142
1712 1.741 189.186401 62.292412 1.0040 1.4521 0.7504 0.9044
1716 1.704 189.182709 62.292282 1.0677 1.6594 1.3347 1.4900
1719 1.530 189.130295 62.292324 1.8651 25.2131 0.1268 3.8911
1733 1.576 189.173843 62.292076 0.7978 4.5078 0.8662 3.6482
1740 1.713 189.182968 62.291954 0.9958 5.0691 0.6733 3.3853
1747 1.208 189.152100 62.291710 1.4403 2.4797 2.5545 3.7055
1784 1.574 189.177307 62.291054 0.6933 10.8554 0.4559 8.1133
1788 1.696 189.149445 62.290970 1.0423 3.9245 1.0019 2.5210
1795 1.291 189.164780 62.290798 0.3008 26.3677 0.0760 7.9033
1801 1.399 189.183319 62.290630 1.1449 7.6496 0.4612 2.7347
1817 1.220 189.202484 62.290020 1.7537 1.5546 3.7210 3.2192
1837 1.612 189.139450 62.289463 0.9090 2.9425 1.3427 3.1105
1857 1.626 189.146484 62.288788 0.9632 0.8711 1.0492 0.6009
1885 1.468 189.133224 62.288212 -4.5756 126.3678 4.4932 112.6831
1895 1.798 189.137558 62.287994 0.8224 4.0535 0.1505 1.3138
1897 1.361 189.197006 62.287895 0.9161 0.7710 1.0109 0.6691
1914 1.677 189.127640 62.287720 -2.4367 70.3902 -2.0251 19.3615
1915 1.605 189.127380 62.287594 0.0350 1.5217 1.1198 2.0353
1919 1.652 189.145645 62.287624 1.3604 5.7021 1.3276 3.9672
1920 1.319 189.125854 62.287601 0.5263 0.0000 0.8601 0.0000
1933 1.558 189.177017 62.287094 0.6651 2.0241 0.8131 1.9783
1942 1.752 189.144775 62.286888 0.5094 1.5340 0.5094 1.1032
1945 1.260 189.132309 62.286823 2.0991 15.5693 27.6337 1047.6741
1946 1.260 189.132309 62.286728 2.0103 12.4686 2.9857 24.7634
1973 1.639 189.145004 62.286209 0.8203 1.2570 0.9982 0.9731
1983 1.718 189.212570 62.286072 0.3221 0.6259 0.3726 0.6486
1993 1.210 189.141129 62.285969 -0.0171 12.7740 -1.6936 30.0551
2001 1.511 189.187561 62.285866 1.6800 8.0689 1.1761 3.4398
2002 1.618 189.136871 62.285793 1.0035 7.0311 1.2146 4.0007
2006 1.660 189.199158 62.287800 0.8872 3.0037 0.8829 2.1540
2017 1.720 189.155182 62.285500 0.7912 6.1412 0.5028 2.5528
2021 1.524 189.125229 62.285244 1.8694 0.0000 4.6255 0.0000
2024 1.729 189.118942 62.285282 0.0000 0.0000 0.0000 0.0000
2063 1.610 189.165298 62.284233 0.6428 27.1510 -0.3485 11.9149
2074 1.334 189.117203 62.283905 18.6398 0.0000 -2.8168 0.0000
2080 1.756 189.220474 62.283783 3.1734 0.0000 0.1593 0.0000
2099 1.397 189.172653 62.283314 1.2261 4.5542 1.2451 3.9325
2109 1.717 189.170074 62.283131 0.6825 2.8298 0.4789 1.6656
2111 1.612 189.181152 62.283157 0.4576 5.2032 0.8788 7.7558
2115 1.280 189.122955 62.282928 1.0693 0.0000 0.9809 0.0000
2118 1.383 189.155121 62.283054 -6.8886 204.8090 6.0230 174.7832
2120 1.692 189.163193 62.282940 1.1371 2.5733 0.8850 1.5408
2122 1.742 189.191269 62.282951 0.5861 2.5992 0.2770 2.9377
2133 1.692 189.122406 62.282642 23.7232 0.0000 25.3154 0.0000
2136 1.607 189.163483 62.282417 0.8611 1.2693 0.8426 1.0858
2137 1.581 189.163849 62.282345 0.8213 1.2840 1.1421 1.2830
2139 1.570 189.129425 62.282490 1.2347 2.7599 1.3330 1.7759
2146 1.488 189.209442 62.282154 1.1761 1.4137 1.2231 0.9835
2158 1.412 189.175125 62.282253 0.8868 7.0981 2.0066 12.9053
2163 1.700 189.161560 62.281940 0.8582 3.4915 1.3069 4.2153
2182 1.681 189.161682 62.281696 2.7435 27.6981 2.2855 13.2734
2191 1.562 189.204132 62.281467 0.6264 2.7385 0.6026 2.1047
2194 1.483 189.211533 62.281414 1.0337 2.3923 1.2097 2.1562
2197 1.214 189.143539 62.281315 1.0083 3.2591 1.7841 5.2529
2202 1.720 189.139084 62.281235 2.3140 16.7825 1.3412 5.5870
2218 1.274 189.188950 62.280785 1.0557 5.9865 0.7259 3.0970
2247 1.375 189.193619 62.280125 0.4286 10.1812 1.8058 53.8890
2277 1.646 189.157883 62.279232 1.4787 2.4557 1.6123 1.6482
2288 1.661 189.119812 62.279175 inf nan inf nan
2291 1.243 189.191528 62.278961 0.7601 1.1660 1.1752 1.3417
2348 1.383 189.170258 62.277912 5.2385 316.1375 2.1335 39.0290
2350 1.423 189.198288 62.277798 1.2867 2.1209 1.4084 1.6388
2353 1.693 189.163361 62.277859 0.8657 7.4159 2.3202 15.4387
2359 1.738 189.205063 62.277702 8.8898 86.2772 -0.4142 4.7226
2379 1.464 189.134689 62.277000 -1.2105 0.0000 0.2093 0.0000
2383 1.627 189.210938 62.277180 -0.1023 0.0000 0.6187 0.0000
2390 1.606 189.143677 62.277008 0.6191 4.7009 0.0956 4.1667
2405 1.235 189.181259 62.276707 0.5108 4.1270 1.2368 7.8841
2407 1.585 189.182800 62.276630 0.8058 7.5411 2.6567 14.4973
2408 1.779 189.158051 62.276562 1.7457 11.0587 0.5341 4.0426
2417 1.583 189.188232 62.276451 0.9901 2.8867 1.3314 2.8837
2442 1.306 189.181519 62.276058 1.6979 120.2485 -9.4734 507.9630
2449 1.575 189.181458 62.275795 0.9181 0.5301 0.9663 0.4321
2474 1.683 189.159927 62.275341 1.1535 2.9387 2.1304 3.9042
2479 1.348 189.166428 62.275253 0.3386 14.4553 -0.0946 10.6242
2488 1.738 189.150543 62.275051 1.2115 3.4249 0.9652 3.1550
2489 1.660 189.177338 62.274918 1.1686 0.8470 1.1829 0.6068
2503 1.668 189.208542 62.274853 nan nan -0.0000 0.0000
2516 1.569 189.165985 62.274651 1.6064 12.3076 0.6032 8.1795
2528 1.359 189.147598 62.274506 2.4735 75.1966 2.5764 43.9989
2533 1.570 189.206451 62.274452 -0.0000 0.0000 0.0000 0.0000
2538 1.447 189.181335 62.273510 1.1238 0.2947 1.1621 0.2661
2543 1.730 189.171219 62.274223 1.5926 3.5676 1.3188 2.1852
2548 1.556 189.183838 62.274170 1.1935 3.8079 1.0017 1.6637
2569 1.472 189.214478 62.273830 nan nan nan nan
2574 1.516 189.204834 62.273651 0.0000 0.0000 0.0000 0.0000
2583 1.326 189.152634 62.273636 1.7540 14.5132 3.2227 40.0496
2607 1.206 189.139572 62.273029 nan nan nan nan
2614 1.310 189.197983 62.272907 1.4231 3.0412 1.4159 2.1557
2650 1.799 189.172333 62.272335 0.7129 5.3489 0.3896 2.7929
2685 1.588 189.152985 62.271694 -0.0118 23.8915 1.1400 4.7674
2691 1.471 189.155441 62.271568 1.2733 9.9646 1.2149 5.5960
2713 1.452 189.188126 62.270935 0.9723 1.9348 1.2315 1.6879
2728 1.341 189.141754 62.270729 2.5632 0.0000 2.4506 0.0000
2733 1.642 189.160080 62.270489 1.6751 3.5172 1.0554 1.8495
2736 1.720 189.163071 62.270473 3.7717 15.2187 1.1447 6.2182
2744 1.649 189.191406 62.270214 1.0172 0.0000 1.2105 0.0000
2769 1.434 189.172867 62.269665 0.4819 1.7449 0.3264 1.7147
2781 1.471 189.154099 62.269497 -1.2065 1.5596 -6.1163 38.2047
2829 1.773 189.143753 62.268150 -inf nan -inf nan
2860 1.550 189.165604 62.266476 0.7480 0.0000 0.5233 0.0000
2933 1.657 189.178604 62.265865 nan nan nan nan
2972 1.554 189.168304 62.265167 0.0000 0.0000 0.0000 0.0000
5497 1.324 189.171112 62.313755 inf nan inf nan
5506 1.697 189.161224 62.313641 2.5535 0.0000 4.2365 11.9622
5518 1.657 189.168777 62.313541 0.1082 1.8671 -0.1310 0.6042
5519 1.537 189.175186 62.313511 2.3399 12.2555 0.8157 1.1519
5525 1.422 189.164215 62.313461 0.8484 0.0000 0.8395 0.0000
5588 1.726 189.183960 62.312771 -inf nan -inf nan
5777 1.703 189.198181 62.310612 -31.1853 0.0000 27.6419 0.0000
5955 1.550 189.138214 62.308922 nan nan -inf nan
6013 1.338 189.139923 62.308372 nan nan nan nan
6045 1.502 189.169434 62.308109 1.1408 5.5693 1.0705 5.1476
6048 1.624 189.131393 62.308037 inf nan inf nan
6063 1.372 189.134460 62.307880 nan nan nan nan
6106 1.619 189.180893 62.307400 -0.4147 8.1858 -0.1382 10.5041
6167 1.681 189.181488 62.306648 -0.2446 8.1306 -0.2957 6.3355
6240 1.361 189.172318 62.305721 -0.7434 12.0769 -0.2149 5.1286
6261 1.322 189.159348 62.305523 0.5903 2.8800 0.7874 3.3701
6381 1.384 189.154175 62.304405 5.0518 193.8128 1.4106 11.7871
6413 1.576 189.154449 62.304146 5.9913 205.4266 -0.1991 6.3373
6444 1.567 189.164734 62.303673 0.4596 5.2130 0.5544 3.5310
6450 1.584 189.139862 62.303692 0.9343 4.8633 -0.1419 3.5395
6470 1.610 189.171921 62.303497 0.0150 34.4119 -0.2791 25.0950
6528 1.244 189.173096 62.302635 0.8607 7.4561 0.7121 3.2130
6537 1.285 189.197464 62.302654 1.2509 26.4702 1.8172 21.0664
6559 1.504 189.140686 62.302357 0.3472 11.4343 -1.2458 16.0758
6603 1.351 189.133179 62.301750 2.7323 0.0000 2.1298 0.0000
6642 1.347 189.129959 62.301460 nan nan nan nan
6689 1.389 189.178177 62.301743 42.0089 12657.2526 -0.1130 13.6025
6700 1.412 189.207520 62.300602 1.0387 4.5685 0.9118 3.5928
6728 1.665 189.145752 62.300285 0.0414 4.0454 0.1478 2.9479
6747 1.345 189.154236 62.300102 1.8451 27.4668 0.6272 8.5743
6763 1.650 189.169479 62.299919 45.6335 20160.0320 0.1990 19.2536
6765 1.754 189.189423 62.299904 1.4790 18.1946 -0.2919 8.5975
6773 1.616 189.170639 62.299812 1.8283 24.4524 0.0421 6.5180
6798 1.599 189.139511 62.299519 -48.9708 15865.4601 2.0306 25.0288
6808 1.487 189.200729 62.299465 -164.7408 130923.0404 2.0975 36.6050
6812 1.777 189.210266 62.299438 1.3299 8.1581 1.3057 10.5770
6843 1.783 189.139160 62.298939 -1.4191 49.0360 0.8751 181.9979
6853 1.429 189.155151 62.298866 0.4191 31.9440 2.2789 739.1703
6856 1.349 189.211304 62.298843 -1.6623 17.9887 -1.8370 15.3847
6903 1.317 189.165192 62.298241 -0.4046 7.4054 -0.2515 23.9016
6915 1.312 189.155121 62.298077 -4.5415 223.0086 -1.7427 24.2436
6922 1.439 189.211090 62.298004 -1.3608 15.1739 -2.9309 26.8128
6940 1.257 189.146072 62.297855 0.0019 2.8123 0.2849 2.7674
6964 1.525 189.178970 62.297539 -0.3723 7.7945 -0.7627 8.7696
7001 1.665 189.149307 62.297005 0.1212 4.2289 0.1268 2.6226
7074 1.428 189.152252 62.296165 1.2586 16.8012 0.4569 13.6394
7088 1.573 189.127975 62.295933 0.6344 2.1248 0.5177 1.9331
7102 1.339 189.166153 62.295853 -1.1842 54.4044 -0.0474 7.3709
7115 1.641 189.146301 62.295635 2.5847 42.5922 1.2303 8.7145
7125 1.586 189.129410 62.295509 -1.8281 0.0000 -1.1750 1.6609
7162 1.509 189.120087 62.295025 -0.4186 0.0000 0.1855 1.6898
7165 1.780 189.186569 62.295036 -0.8149 3.6551 -0.3944 2.7875
7166 1.554 189.142746 62.295025 4.0276 17.0407 2.8271 13.2326
7283 1.363 189.200546 62.293686 -67.3387 35784.4925 1.1048 18.4357
7299 1.702 189.210953 62.293499 2.4401 39.2351 2.5175 16.1302
7302 1.278 189.199127 62.293461 2.3267 76.0325 10.8050 1026.2687
7317 1.672 189.170853 62.293324 2.6980 24.8626 3.2718 47.5265
7327 1.622 189.149963 62.293182 0.4776 7.1121 1.2265 8.2460
7351 1.677 189.143631 62.292931 2.8699 24.8326 1.7231 8.4360
7352 1.677 189.143616 62.292828 1.2527 13.4511 1.4994 9.8300
7365 1.754 189.176926 62.292797 -4.5702 179.1755 0.9559 17.1733
7372 1.592 189.189133 62.292728 -21.1057 3436.8580 -0.0540 6.7183
7385 1.493 189.170288 62.292839 4.2099 421.1415 0.6159 14.9642
7437 1.763 189.129852 62.292004 -7.7898 479.8992 2.2866 45.0206
7438 1.686 189.141129 62.292004 1.2548 16.3188 0.4506 11.1032
7455 1.454 189.134995 62.291874 -0.7000 11.6001 0.6483 19.6807
7485 1.532 189.200394 62.291649 -0.8320 55.3341 -0.1595 11.4764
7486 1.331 189.217865 62.291649 -0.2515 24.1591 -2.0668 18.5263
7496 1.689 189.177124 62.291508 0.2932 4.3485 0.6310 4.3609
7505 1.373 189.215378 62.291420 -7.7389 727.0015 -1.7541 63.4517
7528 1.294 189.141449 62.291088 -3.3290 62.6251 2.4816 31.6024
7554 1.350 189.131836 62.290901 -0.0185 2.2054 0.1457 2.2036
7572 1.683 189.209259 62.290672 -0.8029 34.6212 -2.2146 32.8338
7583 1.757 189.125626 62.290447 -16.9186 70.1922 -0.0798 1.7311
7597 1.549 189.167358 62.290314 1.1814 15.5406 0.8007 9.6425
7662 1.764 189.138519 62.289577 -0.1125 9.8184 1.5313 28.5930
7663 1.687 189.155212 62.289608 1.2462 12.2479 0.5833 7.5674
7664 1.294 189.221848 62.289600 -0.0000 0.0000 -0.0000 0.0000
7677 1.525 189.200150 62.289440 0.6233 8.0810 1.2921 15.2779
7684 1.671 189.132538 62.289337 -0.1715 5.5086 0.7205 5.9942
7698 1.454 189.147217 62.289146 -16.0730 1152.5793 7.9763 328.9626
7830 1.270 189.183365 62.287720 -0.8527 31.4169 -37.6379 32986.4592
7850 1.649 189.140213 62.287319 1.6192 22.6235 1.4327 26.2903
7865 1.558 189.137482 62.287109 4.3137 74.6191 3.4776 42.5068
7931 1.714 189.123032 62.286354 1.2739 0.0000 1.0193 1.1413
8003 1.690 189.148499 62.285759 0.9488 5.2046 1.9781 8.0627
8062 1.569 189.163300 62.284927 -4.5248 108.9560 -3.5836 44.5904
8067 1.285 189.157806 62.284920 0.2844 3.4370 0.6192 2.8894
8069 1.363 189.208878 62.284916 0.7390 1.5797 0.6458 1.0987
8099 1.729 189.118729 62.284557 nan nan 0.0000 0.0000
8107 1.371 189.145859 62.284443 0.6066 8.4531 0.5210 5.1790
8115 1.705 189.154846 62.284309 1.3151 9.2319 -0.1942 5.1780
8122 1.290 189.118134 62.284145 0.5051 0.0000 0.5370 0.0000
8123 1.760 189.219757 62.284210 0.6070 0.0000 0.0097 0.0000
8178 1.255 189.167725 62.283581 0.6071 5.8144 0.1667 6.6192
8193 1.232 189.158051 62.283413 0.9484 11.8027 1.4257 16.8279
8213 1.295 189.224625 62.283199 0.5704 0.0000 0.7875 0.0000
8240 1.313 189.196945 62.282871 -0.6910 7.3999 -4.3803 824.8108
8249 1.429 189.144028 62.282722 0.2739 5.4220 0.1463 2.5656
8265 1.734 189.156631 62.282566 1.0496 5.9137 1.7766 8.9377
8266 1.406 189.170059 62.282494 0.9156 12.7970 1.0547 7.7229
8273 1.227 189.222641 62.282444 2.2844 0.0000 1.6416 0.0000
8284 1.244 189.179779 62.282379 0.5575 7.0576 0.7481 5.6388
8297 1.212 189.120148 62.282230 -1.8500 0.0000 1.8560 0.0000
8313 1.353 189.119217 62.282082 nan nan -0.0000 0.0000
8340 1.733 189.215103 62.281803 0.8331 0.0000 0.5217 0.0000
8401 1.606 189.124893 62.281109 -0.5328 0.0000 0.5162 0.0000
8409 1.666 189.138504 62.280956 -0.8508 14.9743 4.1887 88.7996
8444 1.742 189.201035 62.280609 0.4807 3.6531 0.3391 3.3008
8446 1.323 189.205368 62.280575 1.6257 12.7472 2.0190 18.3516
8473 1.288 189.192139 62.280285 0.6369 6.5674 0.5065 4.9600
8478 1.548 189.198700 62.280231 0.3598 6.8212 0.9586 7.0200
8503 1.722 189.211868 62.279922 1.3557 1.1508 0.8720 0.6335
8508 1.491 189.162277 62.279778 1.6991 23.9398 1.8687 14.6783
8554 1.623 189.125626 62.279305 -25.7631 0.0000 -3.1250 0.0000
8559 1.758 189.184158 62.279263 -4.8454 143.2374 -0.5321 74.7942
8568 1.562 189.122757 62.279110 -0.0036 0.0000 -0.0022 0.0000
8575 1.717 189.179306 62.279076 0.5498 28.2972 1.2486 8.9096
8686 1.354 189.151581 62.277855 1.9245 54.0307 1.1032 10.8831
8695 1.207 189.205521 62.277798 2.4387 26.5853 4.5603 50.1763
8704 1.717 189.163269 62.277683 -0.6104 13.6143 -9.3834 2946.0919
8712 1.288 189.149216 62.277592 1.2570 13.4409 0.9760 8.2150
8725 1.685 189.207565 62.277466 -0.0297 0.0000 -0.4722 0.0000
8734 1.251 189.175476 62.277058 3.0057 72.2600 0.1127 4.0128
8947 1.376 189.202591 62.275513 0.7120 6.0479 1.1300 5.9494
8955 1.417 189.161423 62.275688 0.0254 28.1861 4.2132 140.6689
8967 1.210 189.160858 62.275276 -0.8608 25.3094 0.3182 17.5907
8988 1.649 189.162567 62.275040 5.7351 125.8248 2.0057 22.2475
8996 1.628 189.154129 62.274952 -1.3031 30.4042 -0.4539 7.2367
8997 1.525 189.160065 62.274948 -0.0461 9.7682 1.8659 117.9822
9022 1.381 189.158997 62.274693 1.7822 39.4694 2.0502 18.4298
9086 1.648 189.213974 62.274139 nan nan nan nan
9104 1.647 189.160202 62.274017 0.7928 9.4375 1.2642 6.5323
9107 1.541 189.138519 62.275608 nan nan inf nan
9191 1.714 189.206390 62.273167 nan nan nan nan
9194 1.289 189.169098 62.273121 1.5329 40.2313 0.8466 21.6527
9201 1.375 189.199066 62.273022 1.3120 1.3436 1.1870 0.8619
9414 1.616 189.179031 62.271454 0.4562 1.5061 0.7025 1.5155
9420 1.563 189.147339 62.270775 5.5780 97.7009 -14.9282 1054.6490
9502 1.560 189.164886 62.269733 -0.0514 14.1755 -5.7050 435.9931
9508 1.375 189.157150 62.269646 2.9379 10.0660 1.6526 3.2277
9556 1.649 189.154404 62.269035 2.1628 0.0000 0.6639 0.0000
9606 1.779 189.203766 62.268417 nan nan nan nan
9616 1.431 189.179642 62.268307 -0.3546 0.7542 1.0677 4.2833
9661 1.334 189.167038 62.267803 0.9458 0.0000 0.7174 0.4607
9691 1.415 189.156296 62.267506 0.5090 0.0000 0.5714 0.0000
9698 1.211 189.156815 62.267475 0.1307 0.0000 0.3489 0.0000
9728 1.636 189.179916 62.267227 0.0000 0.0000 0.0000 0.0000
9748 1.530 189.181976 62.267052 -0.0140 0.0000 0.0000 0.0000
9882 1.540 189.177826 62.265579 nan nan nan nan
9896 1.234 189.179794 62.265442 0.0000 0.0000 0.0000 0.0000
11410 1.425 189.131653 62.296204 1.0956 9.0775 0.7431 4.4755
