# Catalog for all galaxies that matched between 3DHST and FIGS within 1.2<z<1.8 for gs1. 
# figs_id redshift ra dec dn4000 dn4000_err d4000 d4000_err
556 1.466 53.122089 -27.754024 0.6637 0.0000 0.6942 0.0000
560 1.671 53.171383 -27.754078 0.0000 0.0000 0.0000 0.0000
562 1.251 53.173637 -27.754225 -2.5861 0.0000 -1.5172 0.0000
563 1.270 53.173618 -27.754396 1.4344 4.5978 1.0009 2.4422
584 1.681 53.178844 -27.754694 inf nan inf nan
596 1.532 53.185425 -27.755073 1.7035 0.0000 1.7085 0.0000
627 1.246 53.171631 -27.755495 2.7853 0.0000 3.0358 0.0000
647 1.386 53.145008 -27.755796 0.7218 0.0000 1.6752 0.0000
660 1.491 53.153107 -27.756208 0.0300 11.0416 2.2113 10.9599
667 1.661 53.138122 -27.756323 inf nan inf nan
671 1.229 53.208069 -27.756449 nan nan nan nan
681 1.254 53.187416 -27.756677 0.9787 3.4786 1.0292 2.5564
693 1.256 53.123535 -27.756864 1.2250 10.3502 0.8741 3.1309
696 1.282 53.199840 -27.756836 2.5410 15.1391 1.2890 4.0617
700 1.692 53.135124 -27.756931 0.4877 0.0000 1.1137 0.0000
727 1.235 53.189800 -27.757522 0.4486 0.0000 1.9823 0.0000
746 1.415 53.175628 -27.757923 0.0664 0.0000 4.0767 174.2277
750 1.221 53.124908 -27.758297 0.9380 0.2254 1.7416 0.3895
762 1.376 53.191467 -27.758520 8.6756 0.0000 2.3832 0.0000
773 1.622 53.204155 -27.758673 0.7362 0.8895 1.0003 1.0566
774 1.754 53.165718 -27.758667 nan nan nan nan
782 1.506 53.177971 -27.758884 -0.5116 8.2890 0.1042 0.4710
802 1.439 53.160579 -27.759401 1.7630 21.3170 -16.2521 1201.7771
813 1.519 53.210094 -27.759527 1.9791 18.7429 1.0244 4.2291
837 1.611 53.206215 -27.760210 -3.5181 73.9560 0.0168 9.6726
846 1.705 53.133434 -27.760307 0.9894 0.0000 1.5754 0.0000
848 1.425 53.152405 -27.760324 -0.7648 1.0381 -0.0288 0.0635
854 1.476 53.172260 -27.760618 1.2901 8.5636 1.5624 5.9180
857 1.583 53.187355 -27.760465 4.1344 632.3166 -5.0701 130.1162
862 1.657 53.128303 -27.760620 1.0635 0.2369 1.0877 0.2486
868 1.437 53.155124 -27.760647 1.1923 43.9668 -0.5754 22.0865
879 1.360 53.128700 -27.760891 0.7548 4.1497 1.2476 8.2257
913 1.278 53.158821 -27.761795 0.8324 2.8541 0.7549 2.5459
926 1.339 53.159702 -27.762277 0.2971 5.6775 -1.2182 9.7547
937 1.561 53.130562 -27.762399 3.3545 118.3211 -1.6818 38.6152
939 1.592 53.155147 -27.762359 1.0079 5.6717 1.8451 6.6638
941 1.644 53.193268 -27.762459 1.0092 0.9067 1.1212 0.7283
944 1.575 53.119167 -27.762546 1.0419 0.5163 1.1760 0.4140
959 1.470 53.165321 -27.762981 -0.2675 7.4357 0.5959 4.9341
963 1.322 53.119041 -27.763040 1.1419 6.8507 1.0359 4.1837
972 1.415 53.118603 -27.763223 3.6870 5.0230 0.8673 0.9460
976 1.601 53.133629 -27.763279 -0.4199 3.6478 0.0556 4.1393
977 1.692 53.156227 -27.763269 -0.1070 21.6910 -0.8289 20.6494
988 1.765 53.196842 -27.763618 1.6426 4.6125 0.6220 1.9442
1002 1.492 53.133720 -27.763817 7.9883 515.8998 1.1790 7.2389
1004 1.209 53.179657 -27.763943 3.5568 129.7188 6.2084 222.4516
1005 1.631 53.152199 -27.763958 -0.4602 0.0000 -3.9967 0.0000
1014 1.253 53.161709 -27.764105 0.1833 3.6658 0.8467 4.7088
1021 1.291 53.200069 -27.764318 1.6815 10.7679 1.0943 4.1314
1023 1.458 53.167217 -27.764370 1.1338 5.4486 0.5248 2.2492
1034 1.355 53.157234 -27.764612 1.9111 43.0336 0.2837 3.0745
1041 1.273 53.204059 -27.764761 0.0909 2.6162 -5718.8374 82212324.2763
1044 1.380 53.164367 -27.764803 -1.2557 87.6483 -1.0404 16.4302
1045 1.506 53.156151 -27.764826 1.1168 1.0553 1.0823 0.9037
1048 1.262 53.202820 -27.764976 1.5974 6.8662 1.3146 3.7964
1049 1.266 53.205250 -27.764950 2.6708 23.4401 2.7509 20.2202
1052 1.591 53.159778 -27.764959 0.9251 2.4171 0.7511 1.4738
1062 1.669 53.163860 -27.765312 0.8026 5.7191 0.7552 2.6422
1064 1.405 53.131832 -27.765281 nan nan nan nan
1066 1.452 53.173710 -27.765302 0.7638 1.7756 1.2799 3.9157
1068 1.659 53.169205 -27.765306 -1.4450 16.3175 -0.4422 7.7906
1070 1.220 53.181190 -27.765674 3.4012 0.0000 4.4035 0.0000
1078 1.532 53.114456 -27.765831 5.8732 111.3550 0.5335 6.2746
1084 1.221 53.162853 -27.767158 -0.3639 28.6738 -4.3686 157.1194
1098 1.548 53.156586 -27.767519 0.5463 1.8909 0.4916 1.6445
1100 1.732 53.128517 -27.767717 -0.8602 0.0000 -0.4191 0.0000
1103 1.521 53.156383 -27.767826 1.1418 0.1834 1.1068 0.1225
1107 1.460 53.185299 -27.768196 0.2242 1.3569 0.1917 0.9475
1129 1.552 53.184906 -27.769743 0.8738 1.4649 1.1800 1.4700
1130 1.492 53.168011 -27.769705 -0.1055 9.1673 -3.8208 650.2455
1151 1.251 53.158081 -27.770140 1.1143 3.3814 1.2387 2.4808
1158 1.681 53.209099 -27.770241 2.1667 18.0991 2.1679 92.0264
1159 1.207 53.114403 -27.770307 0.5314 7.1945 1.5403 13.5661
1167 1.251 53.124183 -27.770519 -3.7336 92.0260 1.3245 16.1251
1177 1.430 53.127994 -27.770599 0.1384 0.0893 7.0030 8.7802
1178 1.559 53.132274 -27.770590 -3.1610 70.0063 -3.6449 97.4623
1190 1.314 53.194298 -27.770765 3.1360 32.4161 1.4009 8.3364
1201 1.552 53.156036 -27.770943 0.9724 14.1833 0.2772 4.3369
1202 1.552 53.160003 -27.770996 1.0134 10.4975 1.2360 10.7590
1206 1.612 53.155361 -27.770672 0.9766 5.2300 0.9376 4.8080
1208 1.202 53.155063 -27.771036 0.1369 3.9426 0.8627 8.1295
1211 1.209 53.147587 -27.771124 1.1151 3.2222 2.5224 6.1408
1213 1.307 53.127979 -27.771431 0.1427 2.3375 0.3952 2.8333
1214 1.604 53.115864 -27.771158 -0.1760 20.5766 -1.2998 21.2334
1222 1.385 53.141292 -27.771393 1.1792 0.0000 1.3925 0.0000
1241 1.656 53.190716 -27.771576 4.4521 46.3876 3.9704 31.7819
1246 1.715 53.177654 -27.771665 13.8872 707.9154 3.1385 40.4550
1256 1.652 53.117840 -27.771892 -6.1190 476.0851 25.8023 5980.9351
1261 1.495 53.156883 -27.771896 2.1445 36.5429 2.5813 129.7843
1267 1.216 53.166088 -27.771967 5.3778 93.0364 9.1074 146.1487
1275 1.611 53.115032 -27.772131 0.9541 0.2690 1.0722 0.2706
1287 1.488 53.178909 -27.772314 1.8660 10.0346 0.8358 4.2639
1292 1.316 53.127064 -27.772487 1.2897 9.9163 1.4229 9.3696
1297 1.642 53.126415 -27.772476 1.0781 1.5015 1.1480 1.1514
1309 1.223 53.179298 -27.772552 1.0667 10.2948 1.3587 10.0715
1310 1.307 53.124164 -27.772606 1.4806 9.2715 2.1464 10.7423
1312 1.266 53.170784 -27.772611 1.6022 43.9454 0.2571 3.8565
1319 1.376 53.174274 -27.772766 2.3237 38.1845 0.6433 4.2024
1328 1.620 53.148388 -27.772859 -4.9190 269.5539 3.5525 303.0740
1342 1.577 53.115921 -27.773046 0.2880 2.1753 1.0389 3.8214
1347 1.332 53.176006 -27.773153 -0.6548 4.9709 1.0042 13.4269
1361 1.723 53.198753 -27.773395 1.3767 0.0000 1.0571 0.0000
1366 1.288 53.176048 -27.773702 1.4296 2.5670 1.3142 1.5194
1375 1.414 53.144172 -27.773548 -7.8147 402.0490 1.2477 48.0753
1376 1.718 53.204727 -27.773491 1.1054 16.9106 0.3555 11.6351
1379 1.644 53.123394 -27.773619 1.4018 17.5681 2.2726 31.0210
1385 1.366 53.154747 -27.773865 0.4167 14.5861 -0.2155 5.2561
1388 1.232 53.172752 -27.773800 -0.7184 25.7950 2.9055 47.4357
1392 1.259 53.167995 -27.773857 1.0668 0.5556 1.3191 0.6263
1396 1.243 53.157997 -27.773924 2.3740 91.9670 -4.0569 146.7406
1404 1.761 53.182098 -27.773962 0.2883 0.0000 0.1754 0.0000
1447 1.216 53.159351 -27.775024 0.9936 9.6380 2.1226 19.8749
1454 1.710 53.210930 -27.774490 2.7938 21.5592 1.6282 7.1121
1455 1.597 53.169010 -27.774589 0.6470 2.6872 0.7582 3.6801
1457 1.203 53.155857 -27.774645 1.2631 10.1745 3.2515 20.6088
1462 1.243 53.122272 -27.774765 0.2703 6.9986 0.8493 11.8543
1467 1.382 53.139229 -27.774843 0.9388 1.5735 1.0490 1.1220
1480 1.494 53.181862 -27.774956 0.5022 5.6169 0.5397 5.8174
1484 1.404 53.150413 -27.775036 -0.0000 0.0000 -0.0000 0.0000
1490 1.553 53.157100 -27.775129 -4.5319 414.8983 -0.1690 3.1540
1493 1.796 53.166561 -27.775247 0.6340 6.8284 0.1769 2.4566
1505 1.266 53.190342 -27.775335 1.7048 5.1722 1.3303 2.2861
1510 1.458 53.204624 -27.775390 2.6500 31.7317 4.7338 60.2658
1516 1.220 53.193092 -27.775562 1.0278 0.5358 1.9275 0.9951
1524 1.453 53.183632 -27.775535 0.6745 1.5427 0.6109 1.8113
1526 1.301 53.144771 -27.775558 1.4326 12.1021 0.7827 2.4446
1530 1.615 53.156795 -27.775682 2.7693 48.0518 1.6658 9.4150
1535 1.238 53.211559 -27.775682 -0.9545 14.7893 -0.0584 0.6251
1537 1.394 53.200195 -27.775881 1.1189 8.0680 0.8804 3.3929
1545 1.414 53.167671 -27.776031 nan nan nan nan
1548 1.244 53.170528 -27.776035 0.3385 4.8200 0.8541 11.4798
1551 1.592 53.182808 -27.776048 0.4223 0.7139 0.1108 0.3052
1553 1.321 53.200275 -27.776096 0.8621 5.0640 1.1358 5.4722
1554 1.414 53.153824 -27.776325 0.3578 0.0000 0.7912 1.7414
1555 1.316 53.168365 -27.776233 0.4641 0.0000 1.1062 0.0000
1557 1.265 53.142433 -27.776287 1.9576 23.8504 1.9066 12.0450
1565 1.673 53.136116 -27.776338 -10.8905 701.8114 0.4657 67.9390
1568 1.593 53.146122 -27.776394 0.8573 2.4634 0.5399 0.7684
1569 1.322 53.201610 -27.776390 2.6230 28.7568 0.8268 5.5054
1574 1.625 53.206333 -27.776434 0.4184 1.8085 0.1801 0.7541
1581 1.410 53.128780 -27.776577 2.9443 32.2360 1.3413 7.0506
1583 1.296 53.163410 -27.776684 inf nan inf nan
1584 1.355 53.114719 -27.776653 nan nan nan nan
1586 1.702 53.114372 -27.776647 0.7930 5.5825 0.9862 4.6118
1593 1.555 53.159393 -27.776865 0.9644 27.1624 -0.6112 12.6222
1598 1.536 53.163093 -27.776830 0.5957 9.0216 1.5331 7.9517
1605 1.565 53.179844 -27.776962 0.5700 2.0281 0.5600 1.4974
1606 1.292 53.181080 -27.776932 3.7304 41.7102 1.5348 16.7100
1609 1.390 53.157280 -27.777075 0.9870 4.6006 0.3404 3.1203
1612 1.257 53.186439 -27.777023 0.8738 15.5231 0.2901 6.3623
1618 1.715 53.187950 -27.777098 0.3748 2.5874 0.5340 2.1778
1621 1.526 53.182792 -27.777136 0.9879 3.5980 0.4693 1.9646
1630 1.397 53.176193 -27.777180 1.1042 0.1512 1.1595 0.1263
1632 1.583 53.168030 -27.777227 1.1133 4.8155 1.3023 2.9852
1640 1.564 53.158287 -27.777445 0.5907 4.0745 0.6914 3.6693
1645 1.556 53.148891 -27.777504 0.8623 8.3438 1.7380 10.2528
1647 1.296 53.197956 -27.777437 nan nan nan nan
1648 1.352 53.140056 -27.777469 nan nan nan nan
1653 1.497 53.165306 -27.777542 0.5542 2.6615 2.3898 6.1017
1664 1.528 53.120212 -27.777714 0.7151 2.2207 1.2365 2.6581
1676 1.317 53.139694 -27.777933 1.4020 8.4065 0.9032 5.4145
1679 1.303 53.151493 -27.778026 3.2986 97.7802 2.9216 72.7036
1683 1.279 53.146049 -27.778028 0.9126 12.1030 0.3901 12.9071
1686 1.535 53.148971 -27.778147 3.1858 33.2666 1.7156 8.6233
1688 1.726 53.148632 -27.778137 0.1188 15.2993 -0.5226 18.5948
1689 1.206 53.179889 -27.778110 0.2005 0.8763 0.5237 1.6835
1699 1.201 53.156853 -27.778278 -0.1394 10.4135 1.7433 25.1428
1702 1.284 53.146419 -27.778311 nan nan nan nan
1709 1.276 53.140911 -27.778341 1.0089 5.7279 0.7567 4.7856
1712 1.400 53.154506 -27.778341 2.1644 11.2640 2.9519 14.5970
1714 1.442 53.162773 -27.778402 0.3103 7.0668 -0.0264 4.0853
1716 1.280 53.157200 -27.778518 1.1517 1.4018 0.9477 0.8277
1717 1.222 53.157394 -27.778742 1.0104 0.4525 1.7669 0.6140
1720 1.438 53.144817 -27.778583 0.3994 6.0783 1.9233 17.3572
1749 1.446 53.144489 -27.779026 -0.0324 2.1069 -0.0152 1.5376
1751 1.382 53.148792 -27.778908 0.5891 8.4049 1.2547 7.7435
1753 1.656 53.181953 -27.778829 0.7433 2.0584 1.4200 5.3466
1756 1.321 53.196369 -27.778988 1.5168 13.9529 1.7200 13.2357
1759 1.362 53.210880 -27.779022 5.9748 107.4397 33.0861 1925.1046
1762 1.380 53.151291 -27.779003 0.0161 9.1639 0.4971 5.7782
1768 1.541 53.157871 -27.779190 0.9234 5.5571 0.7481 2.6787
1769 1.278 53.156257 -27.779266 0.5575 3.0429 0.5650 2.3257
1773 1.424 53.145771 -27.779310 -66.6082 0.0000 10.8150 2368.3807
1777 1.296 53.167091 -27.779348 2.0141 16.1957 1.0528 3.5100
1788 1.206 53.156513 -27.779651 1.3816 1.6386 2.7507 3.2630
1803 1.380 53.145374 -27.779735 0.7706 30.8970 0.9054 5.6904
1805 1.502 53.127048 -27.779695 -26.3685 1108.7462 -0.0672 4.1973
1807 1.628 53.143936 -27.779720 2.1959 32.5271 1.0415 10.8883
1827 1.324 53.168609 -27.779915 0.8987 1.2775 0.9902 0.8375
1828 1.257 53.183845 -27.779898 0.9851 5.1852 1.0464 5.0665
1831 1.379 53.187015 -27.779917 0.1881 6.7964 0.5830 4.8312
1851 1.203 53.155140 -27.780149 2.6606 5.5840 1.9100 4.6072
1859 1.349 53.167171 -27.780199 1.0342 3.1923 1.0830 3.2383
1877 1.310 53.143089 -27.780481 inf nan inf nan
1880 1.617 53.173477 -27.780460 1.4012 8.3454 1.4126 4.9937
1884 1.562 53.166218 -27.780536 1.0418 0.5171 1.1715 0.3597
1891 1.373 53.116077 -27.780643 2.0875 15.1021 0.9174 4.3185
1900 1.448 53.148811 -27.780731 0.9021 2.7702 1.1931 2.3399
1902 1.262 53.162456 -27.780840 0.8093 5.3814 0.7608 4.3588
1906 1.486 53.153503 -27.780901 -0.0446 28.4540 -0.3976 11.6990
1907 1.327 53.153412 -27.781036 0.2893 8.0263 -2.9785 60.3793
1911 1.292 53.145851 -27.780851 -0.9815 12.5787 -0.2414 14.2554
1915 1.761 53.150898 -27.780903 -0.1862 0.0000 -0.1862 0.0000
1919 1.435 53.136288 -27.780979 0.3105 13.0827 0.7711 25.8326
1924 1.501 53.181316 -27.781000 1.1582 3.1580 0.7771 1.6067
1939 1.305 53.192890 -27.781187 -0.0417 2.8440 -0.0421 1.3182
1941 1.538 53.171692 -27.781210 1.6768 1.9441 1.1725 1.1949
1959 1.449 53.174866 -27.781271 -2.0364 27.4306 -2.5965 18.0386
2003 1.242 53.153877 -27.781652 7.1972 363.8446 -5.3645 129.9456
2012 1.421 53.146889 -27.781772 -inf nan -inf nan
2024 1.246 53.167465 -27.781830 0.5862 12.0520 3.2680 62.1895
2032 1.255 53.190335 -27.781987 1.3112 0.0000 1.1834 0.0000
2038 1.782 53.173675 -27.782060 1.0247 0.6208 0.4114 0.2404
2054 1.444 53.170063 -27.782062 1.1011 10.4875 3.5442 33.8147
2056 1.209 53.150814 -27.782123 0.7566 4.3826 0.7143 4.2557
2065 1.472 53.162777 -27.782224 0.9152 0.0000 0.9543 0.0000
2066 1.389 53.162350 -27.782306 1.3720 9.6508 1.1953 4.4893
2067 1.501 53.162449 -27.782409 5.9565 388.8414 2.5482 29.5104
2084 1.395 53.186035 -27.782217 1.1164 0.4400 1.3391 0.4111
2086 1.465 53.135174 -27.782335 0.7626 2.2370 0.7380 1.8321
2091 1.316 53.174679 -27.782852 2.7558 18.6397 0.5326 3.9237
2098 1.315 53.167476 -27.782350 -1.3848 12.6236 -0.1714 1.8854
2104 1.321 53.176983 -27.782350 0.4290 5.3521 -0.0941 2.9410
2117 1.278 53.191547 -27.782673 -0.0112 0.0000 0.0174 0.0000
2142 1.453 53.167263 -27.782755 1.4227 6.7649 0.9136 3.5993
2145 1.483 53.144066 -27.782774 0.8551 0.5434 0.8646 0.3795
2165 1.415 53.157490 -27.782966 1.4941 2.5658 1.1617 1.2897
2168 1.266 53.164539 -27.783106 0.8419 2.6546 0.8782 1.8139
2188 1.247 53.175274 -27.783296 0.8205 3.0578 1.6633 6.0904
2195 1.263 53.139686 -27.783417 -0.9975 28.1977 -6.7225 281.9370
2203 1.355 53.174610 -27.783539 1.0018 0.7006 1.0331 0.5322
2212 1.383 53.128826 -27.783647 2.7362 12.8191 2.1326 9.2772
2220 1.220 53.169948 -27.783685 1.2048 7.2873 2.2323 12.2839
2221 1.308 53.150879 -27.783735 1.2821 1.5945 1.0850 0.9563
2225 1.416 53.172081 -27.783813 0.8920 4.7712 1.6124 5.1789
2238 1.345 53.135444 -27.783905 1.5186 8.8170 1.5001 4.8031
2252 1.488 53.177154 -27.784084 1.1164 5.6273 1.4080 3.8979
2302 1.444 53.127018 -27.784460 1.3670 4.1963 1.1047 2.9250
2310 1.462 53.158794 -27.784574 0.0148 0.0000 -7.2072 0.0000
2312 1.589 53.192184 -27.784548 0.5223 4.3740 1.0718 3.5802
2340 1.337 53.135727 -27.784927 1.2900 4.6287 1.2996 4.1187
2348 1.544 53.166561 -27.784857 0.8777 0.9828 0.8582 0.7106
2354 1.534 53.149048 -27.785051 1.5180 1.1636 0.4635 0.4814
2357 1.700 53.166244 -27.784902 1.1824 3.9224 1.1813 2.9478
2368 1.571 53.179127 -27.785047 1.2572 3.2786 0.8438 1.4890
2378 1.356 53.176575 -27.785444 1.4133 0.1502 1.2009 0.0611
2384 1.642 53.172264 -27.785187 1.2033 2.3110 1.0837 1.3347
2402 1.573 53.202308 -27.785427 1.7900 36.7823 0.7581 8.7755
2404 1.734 53.118854 -27.785391 1.9875 9.2044 1.7352 5.9321
2407 1.597 53.203834 -27.785364 1.1622 0.8406 1.1919 0.5274
2412 1.317 53.165161 -27.785868 -2.5037 74.4448 -10.4330 525.6906
2421 1.227 53.192112 -27.785555 1.7509 10.2154 2.6998 10.3050
2422 1.488 53.115269 -27.785589 nan nan nan nan
2430 1.472 53.136917 -27.785728 0.3004 2.3386 0.9828 3.9405
2431 1.700 53.171116 -27.785669 1.0718 4.5805 0.7542 2.8084
2432 1.517 53.128940 -27.785696 1.1097 9.3502 0.7720 4.5394
2435 1.515 53.153641 -27.785713 nan nan nan nan
2446 1.640 53.159866 -27.785778 0.5908 8.7715 0.3708 4.0841
2454 1.254 53.171741 -27.785810 0.6470 4.4486 0.4418 2.2959
2457 1.301 53.136673 -27.785925 1.7385 0.0000 1.1576 0.0000
2475 1.365 53.139156 -27.786156 1.2459 10.5064 0.9500 10.1961
2514 1.307 53.167438 -27.786495 -0.0256 1.5383 0.2009 1.7497
2523 1.533 53.180816 -27.787329 nan nan inf nan
2525 1.221 53.139400 -27.786770 0.7430 3.8339 0.9834 4.7518
2526 1.301 53.167301 -27.786630 0.3920 6.5449 0.2474 3.4274
2530 1.201 53.140690 -27.786678 0.0669 5.4955 1.5157 11.6089
2546 1.322 53.179355 -27.787090 1.0528 5.8830 1.2006 4.8955
2551 1.444 53.179542 -27.786920 nan nan nan nan
2552 1.334 53.130817 -27.787140 0.7143 2.9380 1.3803 7.0341
2561 1.451 53.173725 -27.787107 1.0206 4.7399 0.8939 2.7286
2568 1.789 53.161663 -27.787432 0.8937 3.6895 0.4025 2.0635
2573 1.501 53.195221 -27.787159 0.9681 8.1932 2.9257 17.7245
2588 1.796 53.206585 -27.787445 3.1470 11.7073 0.3926 1.3455
2603 1.672 53.154022 -27.787689 -0.0323 0.0000 -0.0223 0.0000
2604 1.604 53.174305 -27.787683 1.0105 5.3053 1.0652 2.8294
2612 1.452 53.183136 -27.787771 1.6078 8.6664 1.9193 9.7230
2613 1.322 53.113121 -27.787788 0.6673 2.1502 0.7968 1.5458
2620 1.232 53.149174 -27.787855 0.8535 2.7733 0.8775 2.0695
2627 1.609 53.163090 -27.787855 1.8168 7.9786 1.4800 5.1906
2639 1.201 53.154564 -27.788130 nan nan nan nan
2644 1.408 53.126037 -27.788191 0.6084 4.0253 0.9289 4.2602
2657 1.446 53.168857 -27.788320 1.7817 12.9393 2.7263 26.1280
2660 1.582 53.173866 -27.788488 1.1829 4.4956 0.9757 2.5446
2664 1.686 53.143833 -27.788482 25.3288 2014.6971 1.4121 13.3622
2672 1.609 53.124199 -27.788740 0.4283 2.8533 0.7034 2.7787
2680 1.203 53.191528 -27.788664 1.5946 5.1283 2.6280 7.8042
2695 1.573 53.126694 -27.788915 1.0642 7.5154 4.1284 42.1171
2698 1.367 53.132397 -27.788938 -1.6213 88.7222 -0.5766 8.0808
2701 1.262 53.144314 -27.789129 1.0161 6.3532 1.7114 9.1512
2729 1.598 53.124702 -27.789396 1.5508 2.6869 2.0340 2.3534
2731 1.529 53.154663 -27.789415 0.8230 0.5617 0.9800 0.4953
2748 1.386 53.190124 -27.789608 -2.1301 45.4830 nan nan
2777 1.445 53.200855 -27.790035 2.0175 33.7643 0.7229 7.1765
2794 1.623 53.160415 -27.790365 1.0281 0.2351 1.0021 0.1557
2804 1.630 53.117973 -27.790354 -0.7865 2.7101 -1.2830 6.5369
2809 1.240 53.167873 -27.790462 0.1655 4.4235 -0.8213 11.5039
2810 1.695 53.171017 -27.790472 -0.0019 0.0000 -0.0004 0.0037
2816 1.666 53.136894 -27.790664 -1.0920 6.2552 -1.9451 9.0748
2835 1.352 53.165748 -27.790796 0.9344 3.7488 1.0936 2.8850
2850 1.337 53.172516 -27.791084 3.9204 61.1497 0.7561 3.9043
2858 1.722 53.145370 -27.791178 1.2364 5.4547 0.8045 3.2565
2874 1.220 53.184128 -27.791527 0.8264 16.1669 -0.9008 15.3678
2880 1.599 53.194885 -27.791536 1.4427 1.6254 1.3961 1.0624
2893 1.271 53.147606 -27.791788 nan nan nan nan
2901 1.550 53.152118 -27.791952 8.8095 0.0000 24.9858 0.0000
2903 1.711 53.180130 -27.792049 -1.7841 37.5205 -0.4856 114.7393
2908 1.351 53.177345 -27.792059 -1.3211 14.1953 -6.1583 321.2004
2915 1.248 53.163132 -27.792173 3.6143 22.4150 0.5078 3.3715
2934 1.480 53.151256 -27.792404 1.5086 10.2176 1.3848 4.9554
2955 1.296 53.164120 -27.792650 0.0042 0.0000 -0.0909 0.0000
2974 1.631 53.158623 -27.792850 nan nan inf nan
2982 1.257 53.130058 -27.793001 0.5441 2.2210 0.4155 0.8336
2989 1.555 53.192531 -27.793011 2.6604 5.7954 3.8787 5.8100
3026 1.229 53.147411 -27.793758 0.0163 0.2865 0.0201 0.2906
3038 1.581 53.127132 -27.793861 -0.3871 8.0360 9.5220 784.8867
3048 1.405 53.151756 -27.793890 1.5222 8.4303 1.7669 11.2234
3053 1.712 53.154514 -27.794039 0.1636 3.9752 -0.5365 4.3413
3065 1.619 53.143966 -27.794168 -7.4604 370.5706 -5.7787 679.9246
3070 1.484 53.155601 -27.794281 1.0198 9.5559 0.2978 1.7516
3073 1.303 53.141060 -27.794243 nan nan -inf nan
3080 1.568 53.174530 -27.794267 -2.2658 9.8225 -31.0739 147.2736
3124 1.755 53.127060 -27.795038 0.9818 2.6807 0.6354 2.1326
3135 1.642 53.125885 -27.795097 0.9748 2.7503 0.2011 0.3817
3139 1.481 53.161327 -27.795793 -1.1721 0.0000 -0.5140 0.0000
3151 1.592 53.180706 -27.795410 -0.6360 0.0000 -0.9196 8.0458
3161 1.312 53.125065 -27.795410 -0.0112 0.0000 -0.0011 0.0000
3185 1.741 53.152683 -27.795639 -31.4683 0.0000 -2.4249 0.0000
3186 1.508 53.146915 -27.795574 inf nan inf nan
3220 1.781 53.151611 -27.796423 nan nan nan nan
